96 48 64

2 2 2 2 2 2 2 2 2 2 2 2 2 2 2 2 2 2 2 2 2 2 2 2 2 2 2 2 2 2 2 2 2 2 2 2 2 2 2 2 2 2 2 2 2 2 2 2 2 2 2 2 2 2 2 2 2 2 2 2 2 2 2 2 2 2 2 2 2 2 2 2 2 2 2 2 2 2 2 2 2 2 2 2 2 2 2 2 2 2 2 2 2 2 2 2 

4 4 4 4 4 4 4 4 4 4 4 4 4 4 4 4 4 4 4 4 4 4 4 4 4 4 4 4 4 4 4 4 4 4 4 4 4 4 4 4 4 4 4 4 4 4 4 4 

9 19 66 82 
10 20 67 83 
11 21 68 84 
12 22 69 85 
13 23 70 86 
14 16 71 87 
15 17 64 80 
8 18 65 81 
0 19 52 93 
1 20 53 94 
2 21 54 95 
3 22 55 88 
4 23 48 89 
5 16 49 90 
6 17 50 91 
7 18 51 92 
2 12 58 77 
3 13 59 78 
4 14 60 79 
5 15 61 72 
6 8 62 73 
7 9 63 74 
0 10 56 75 
1 11 57 76 
33 44 56 95 
34 45 57 88 
35 46 58 89 
36 47 59 90 
37 40 60 91 
38 41 61 92 
39 42 62 93 
32 43 63 94 
30 40 68 74 
31 41 69 75 
24 42 70 76 
25 43 71 77 
26 44 64 78 
27 45 65 79 
28 46 66 72 
29 47 67 73 
30 39 49 85 
31 32 50 86 
24 33 51 87 
25 34 52 80 
26 35 53 81 
27 36 54 82 
28 37 55 83 
29 38 48 84 

18 44 1 27 
18 27 1 44 
47 1 27 10 
21 47 38 1 
1 44 18 27 
18 1 27 44 
1 44 18 27 
1 55 38 18 
44 18 27 1 
27 47 10 1 
55 38 1 18 
1 55 38 18 
10 1 47 27 
1 10 27 47 
44 1 18 27 
38 21 1 47 
47 10 1 27 
10 1 27 47 
27 47 10 1 
18 55 38 1 
21 38 1 47 
27 18 44 1 
55 1 38 18 
10 1 47 27 
1 10 27 47 
1 44 18 27 
47 38 1 21 
27 1 18 44 
47 10 27 1 
18 1 55 38 
10 47 1 27 
55 38 1 18 
27 1 10 47 
47 38 1 21 
1 10 27 47 
38 1 21 47 
21 1 47 38 
18 44 27 1 
18 44 1 27 
27 1 44 18 
18 55 1 38 
18 27 44 1 
47 21 1 38 
27 47 1 10 
27 1 44 18 
27 1 10 47 
18 1 38 55 
21 1 47 38 
