48 16 64

2 2 2 2 2 2 2 2 2 2 2 2 2 2 2 2 2 2 2 2 2 2 2 2 2 2 2 2 2 2 2 2 2 2 2 2 2 2 2 2 2 2 2 2 2 2 2 2 

6 6 6 6 6 6 6 6 6 6 6 6 6 6 6 6 

0 2 23 31 34 43 
1 3 16 24 35 44 
2 4 17 25 36 45 
3 5 18 26 37 46 
4 6 19 27 38 47 
5 7 20 28 39 40 
6 0 21 29 32 41 
7 1 22 30 33 42 
9 15 18 30 32 45 
10 8 19 31 33 46 
11 9 20 24 34 47 
12 10 21 25 35 40 
13 11 22 26 36 41 
14 12 23 27 37 42 
15 13 16 28 38 43 
8 14 17 29 39 44 

8 19 45 27 1 53 
19 38 45 1 27 56 
53 8 19 45 1 27 
56 38 30 19 1 12 
8 53 45 19 27 1 
46 20 1 38 9 27 
38 12 19 56 1 30 
45 27 19 1 53 8 
56 1 12 19 30 38 
20 38 46 9 1 27 
38 56 27 1 19 45 
1 27 53 45 8 19 
53 45 27 1 19 8 
1 45 56 38 19 27 
45 38 1 27 56 19 
38 20 9 46 27 1 
