72 18 64

2 2 2 2 2 2 2 2 2 2 2 2 2 2 2 2 2 2 2 2 2 2 2 2 2 2 2 2 2 2 2 2 2 2 2 2 2 2 2 2 2 2 2 2 2 2 2 2 2 2 2 2 2 2 2 2 2 2 2 2 2 2 2 2 2 2 2 2 2 2 2 2 

8 8 8 8 8 8 8 8 8 8 8 8 8 8 8 8 8 8 

8 3 18 35 38 47 61 64 
0 4 19 27 39 48 62 65 
1 5 20 28 40 49 54 66 
2 6 21 29 41 50 55 67 
3 7 22 30 42 51 56 68 
4 8 23 31 43 52 57 69 
5 0 24 32 44 53 58 70 
6 1 25 33 36 45 59 71 
7 2 26 34 37 46 60 63 
17 15 24 34 41 49 61 69 
9 16 25 35 42 50 62 70 
10 17 26 27 43 51 54 71 
11 9 18 28 44 52 55 63 
12 10 19 29 36 53 56 64 
13 11 20 30 37 45 57 65 
14 12 21 31 38 46 58 66 
15 13 22 32 39 47 59 67 
16 14 23 33 40 48 60 68 

20 55 38 7 1 29 13 46 
55 29 38 20 7 13 46 1 
9 33 39 1 46 55 27 18 
10 45 1 36 58 27 52 19 
10 45 1 36 27 58 19 52 
38 1 8 55 14 29 46 20 
8 38 55 20 1 14 29 46 
36 45 52 27 1 58 19 10 
20 38 55 46 29 7 13 1 
8 20 55 38 46 14 29 1 
20 1 55 13 38 46 7 29 
13 1 55 7 29 20 38 46 
20 38 8 46 1 55 14 29 
1 13 7 46 55 29 20 38 
46 1 14 38 29 55 8 20 
20 13 7 46 29 38 1 55 
1 55 18 46 9 33 27 39 
27 10 45 52 1 19 36 58 
