480 80 64

2 2 2 2 2 2 2 2 2 2 2 2 2 2 2 2 2 2 2 2 2 2 2 2 2 2 2 2 2 2 2 2 2 2 2 2 2 2 2 2 2 2 2 2 2 2 2 2 2 2 2 2 2 2 2 2 2 2 2 2 2 2 2 2 2 2 2 2 2 2 2 2 2 2 2 2 2 2 2 2 2 2 2 2 2 2 2 2 2 2 2 2 2 2 2 2 2 2 2 2 2 2 2 2 2 2 2 2 2 2 2 2 2 2 2 2 2 2 2 2 2 2 2 2 2 2 2 2 2 2 2 2 2 2 2 2 2 2 2 2 2 2 2 2 2 2 2 2 2 2 2 2 2 2 2 2 2 2 2 2 2 2 2 2 2 2 2 2 2 2 2 2 2 2 2 2 2 2 2 2 2 2 2 2 2 2 2 2 2 2 2 2 2 2 2 2 2 2 2 2 2 2 2 2 2 2 2 2 2 2 2 2 2 2 2 2 2 2 2 2 2 2 2 2 2 2 2 2 2 2 2 2 2 2 2 2 2 2 2 2 2 2 2 2 2 2 2 2 2 2 2 2 2 2 2 2 2 2 2 2 2 2 2 2 2 2 2 2 2 2 2 2 2 2 2 2 2 2 2 2 2 2 2 2 2 2 2 2 2 2 2 2 2 2 2 2 2 2 2 2 2 2 2 2 2 2 2 2 2 2 2 2 2 2 2 2 2 2 2 2 2 2 2 2 2 2 2 2 2 2 2 2 2 2 2 2 2 2 2 2 2 2 2 2 2 2 2 2 2 2 2 2 2 2 2 2 2 2 2 2 2 2 2 2 2 2 2 2 2 2 2 2 2 2 2 2 2 2 2 2 2 2 2 2 2 2 2 2 2 2 2 2 2 2 2 2 2 2 2 2 2 2 2 2 2 2 2 2 2 2 2 2 2 2 2 2 2 2 2 2 2 2 2 2 2 2 2 2 2 2 2 2 2 2 2 2 2 2 2 2 2 2 2 2 2 2 2 2 2 2 2 2 2 2 2 2 2 2 2 2 2 2 2 2 2 2 2 2 2 2 2 2 2 2 2 2 2 2 2 2 

12 12 12 12 12 12 12 12 12 12 12 12 12 12 12 12 12 12 12 12 12 12 12 12 12 12 12 12 12 12 12 12 12 12 12 12 12 12 12 12 12 12 12 12 12 12 12 12 12 12 12 12 12 12 12 12 12 12 12 12 12 12 12 12 12 12 12 12 12 12 12 12 12 12 12 12 12 12 12 12 

10 18 84 152 162 200 277 288 337 397 405 453 
11 19 85 153 163 201 278 289 338 398 406 454 
12 20 86 154 164 202 279 290 339 399 407 455 
13 21 87 155 165 203 240 291 340 360 408 456 
14 22 88 156 166 204 241 292 341 361 409 457 
15 23 89 157 167 205 242 293 342 362 410 458 
16 24 90 158 168 206 243 294 343 363 411 459 
17 25 91 159 169 207 244 295 344 364 412 460 
18 26 92 120 170 208 245 296 345 365 413 461 
19 27 93 121 171 209 246 297 346 366 414 462 
20 28 94 122 172 210 247 298 347 367 415 463 
21 29 95 123 173 211 248 299 348 368 416 464 
22 30 96 124 174 212 249 300 349 369 417 465 
23 31 97 125 175 213 250 301 350 370 418 466 
24 32 98 126 176 214 251 302 351 371 419 467 
25 33 99 127 177 215 252 303 352 372 420 468 
26 34 100 128 178 216 253 304 353 373 421 469 
27 35 101 129 179 217 254 305 354 374 422 470 
28 36 102 130 180 218 255 306 355 375 423 471 
29 37 103 131 181 219 256 307 356 376 424 472 
30 38 104 132 182 220 257 308 357 377 425 473 
31 39 105 133 183 221 258 309 358 378 426 474 
32 0 106 134 184 222 259 310 359 379 427 475 
33 1 107 135 185 223 260 311 320 380 428 476 
34 2 108 136 186 224 261 312 321 381 429 477 
35 3 109 137 187 225 262 313 322 382 430 478 
36 4 110 138 188 226 263 314 323 383 431 479 
37 5 111 139 189 227 264 315 324 384 432 440 
38 6 112 140 190 228 265 316 325 385 433 441 
39 7 113 141 191 229 266 317 326 386 434 442 
0 8 114 142 192 230 267 318 327 387 435 443 
1 9 115 143 193 231 268 319 328 388 436 444 
2 10 116 144 194 232 269 280 329 389 437 445 
3 11 117 145 195 233 270 281 330 390 438 446 
4 12 118 146 196 234 271 282 331 391 439 447 
5 13 119 147 197 235 272 283 332 392 400 448 
6 14 80 148 198 236 273 284 333 393 401 449 
7 15 81 149 199 237 274 285 334 394 402 450 
8 16 82 150 160 238 275 286 335 395 403 451 
9 17 83 151 161 239 276 287 336 396 404 452 
46 50 92 144 182 235 258 286 338 372 427 463 
47 51 93 145 183 236 259 287 339 373 428 464 
48 52 94 146 184 237 260 288 340 374 429 465 
49 53 95 147 185 238 261 289 341 375 430 466 
50 54 96 148 186 239 262 290 342 376 431 467 
51 55 97 149 187 200 263 291 343 377 432 468 
52 56 98 150 188 201 264 292 344 378 433 469 
53 57 99 151 189 202 265 293 345 379 434 470 
54 58 100 152 190 203 266 294 346 380 435 471 
55 59 101 153 191 204 267 295 347 381 436 472 
56 60 102 154 192 205 268 296 348 382 437 473 
57 61 103 155 193 206 269 297 349 383 438 474 
58 62 104 156 194 207 270 298 350 384 439 475 
59 63 105 157 195 208 271 299 351 385 400 476 
60 64 106 158 196 209 272 300 352 386 401 477 
61 65 107 159 197 210 273 301 353 387 402 478 
62 66 108 120 198 211 274 302 354 388 403 479 
63 67 109 121 199 212 275 303 355 389 404 440 
64 68 110 122 160 213 276 304 356 390 405 441 
65 69 111 123 161 214 277 305 357 391 406 442 
66 70 112 124 162 215 278 306 358 392 407 443 
67 71 113 125 163 216 279 307 359 393 408 444 
68 72 114 126 164 217 240 308 320 394 409 445 
69 73 115 127 165 218 241 309 321 395 410 446 
70 74 116 128 166 219 242 310 322 396 411 447 
71 75 117 129 167 220 243 311 323 397 412 448 
72 76 118 130 168 221 244 312 324 398 413 449 
73 77 119 131 169 222 245 313 325 399 414 450 
74 78 80 132 170 223 246 314 326 360 415 451 
75 79 81 133 171 224 247 315 327 361 416 452 
76 40 82 134 172 225 248 316 328 362 417 453 
77 41 83 135 173 226 249 317 329 363 418 454 
78 42 84 136 174 227 250 318 330 364 419 455 
79 43 85 137 175 228 251 319 331 365 420 456 
40 44 86 138 176 229 252 280 332 366 421 457 
41 45 87 139 177 230 253 281 333 367 422 458 
42 46 88 140 178 231 254 282 334 368 423 459 
43 47 89 141 179 232 255 283 335 369 424 460 
44 48 90 142 180 233 256 284 336 370 425 461 
45 49 91 143 181 234 257 285 337 371 426 462 

19 7 60 43 54 13 53 25 37 31 47 1 
47 1 54 37 31 19 43 60 13 7 53 25 
47 37 13 25 31 7 43 53 1 54 19 60 
53 47 13 60 7 31 1 37 43 25 19 54 
47 13 1 54 60 7 37 53 43 19 25 31 
54 37 53 60 13 25 31 7 1 19 47 43 
1 53 47 60 31 54 43 25 7 19 37 13 
1 25 7 60 37 19 47 43 31 54 53 13 
37 19 31 1 47 43 60 7 25 13 53 54 
19 31 54 37 7 25 13 47 1 43 60 53 
47 19 13 1 60 43 54 37 53 31 25 7 
43 13 37 25 7 19 1 54 47 60 31 53 
60 43 19 53 54 1 25 13 37 31 47 7 
1 53 43 47 37 25 19 7 13 60 31 54 
25 1 53 43 54 13 31 37 60 47 19 7 
54 53 60 25 37 13 1 31 7 19 43 47 
7 37 47 1 13 25 31 53 19 54 60 43 
54 1 60 53 7 37 43 13 25 19 47 31 
47 25 53 31 54 1 37 7 43 60 13 19 
31 13 43 54 19 7 47 25 37 1 53 60 
60 7 47 53 37 1 19 43 31 54 25 13 
54 19 53 25 60 1 13 7 43 37 47 31 
43 25 7 53 1 47 54 19 60 31 37 13 
7 37 53 54 43 25 19 1 31 47 13 60 
13 37 43 47 53 25 19 1 54 31 7 60 
13 53 25 60 43 1 47 31 19 54 7 37 
13 54 19 7 31 60 43 1 37 25 53 47 
31 37 53 54 13 19 1 47 60 43 25 7 
7 37 31 19 53 1 54 43 47 13 60 25 
1 37 7 13 54 31 25 19 47 53 60 43 
7 43 60 37 19 1 53 25 13 31 47 54 
19 54 53 25 13 1 60 7 47 31 37 43 
25 47 43 37 54 60 1 19 7 13 31 53 
54 7 31 60 13 25 19 53 37 1 47 43 
43 54 37 47 53 13 31 60 25 1 19 7 
1 13 37 43 31 47 53 25 60 19 7 54 
7 60 1 37 19 25 31 54 47 53 43 13 
31 53 7 25 54 13 60 43 47 1 19 37 
60 54 1 25 37 13 31 19 53 47 43 7 
43 47 37 54 31 60 25 7 19 13 1 53 
37 60 53 47 31 7 43 1 19 25 13 54 
37 43 7 13 47 60 53 25 19 1 31 54 
19 7 1 13 47 60 53 54 37 25 43 31 
54 43 53 7 31 37 60 25 1 19 47 13 
25 53 7 54 1 13 60 19 37 47 43 31 
19 43 31 1 25 54 7 13 53 47 37 60 
60 25 43 53 1 54 31 37 13 7 19 47 
31 13 47 54 25 60 43 7 19 1 37 53 
47 54 31 25 7 60 53 37 19 13 1 43 
47 13 60 53 31 37 25 19 43 1 7 54 
60 43 31 37 7 54 47 1 53 13 19 25 
60 19 31 25 43 53 37 47 1 13 7 54 
25 53 7 19 54 1 60 13 43 47 37 31 
60 47 37 43 1 13 31 53 25 7 19 54 
25 7 53 47 37 60 54 31 19 1 13 43 
31 37 7 25 60 13 54 53 1 19 43 47 
31 54 13 53 60 47 1 25 19 37 7 43 
25 54 13 19 1 53 43 60 7 47 37 31 
60 54 7 37 1 13 25 31 43 47 53 19 
47 54 53 37 25 13 60 1 19 43 7 31 
13 19 1 60 7 37 31 53 54 47 43 25 
25 43 54 19 60 13 53 7 1 37 47 31 
60 53 1 7 37 25 43 13 54 19 31 47 
53 25 1 13 60 54 47 37 19 7 31 43 
7 47 54 31 43 53 13 19 37 1 25 60 
53 1 54 60 43 7 19 25 37 13 47 31 
53 7 43 47 19 37 31 54 1 60 25 13 
13 53 7 47 37 25 43 1 19 54 31 60 
7 54 31 13 19 53 60 25 1 47 37 43 
60 47 25 1 19 54 53 13 43 31 7 37 
54 19 47 53 37 60 1 31 7 13 43 25 
37 43 13 25 53 47 7 1 54 19 60 31 
54 25 7 53 13 47 19 60 1 31 37 43 
37 60 43 53 19 31 1 47 25 13 54 7 
60 13 31 7 43 19 25 37 1 53 54 47 
37 25 47 1 54 19 31 13 60 7 43 53 
25 13 37 47 43 19 53 54 60 1 7 31 
54 43 1 60 13 7 25 37 47 53 31 19 
25 43 13 37 60 31 7 1 19 54 47 53 
19 43 13 54 25 37 7 53 47 60 31 1 
