192 96 64

2 2 2 2 2 2 2 2 2 2 2 2 2 2 2 2 2 2 2 2 2 2 2 2 2 2 2 2 2 2 2 2 2 2 2 2 2 2 2 2 2 2 2 2 2 2 2 2 2 2 2 2 2 2 2 2 2 2 2 2 2 2 2 2 2 2 2 2 2 2 2 2 2 2 2 2 2 2 2 2 2 2 2 2 2 2 2 2 2 2 2 2 2 2 2 2 2 2 2 2 2 2 2 2 2 2 2 2 2 2 2 2 2 2 2 2 2 2 2 2 2 2 2 2 2 2 2 2 2 2 2 2 2 2 2 2 2 2 2 2 2 2 2 2 2 2 2 2 2 2 2 2 2 2 2 2 2 2 2 2 2 2 2 2 2 2 2 2 2 2 2 2 2 2 2 2 2 2 2 2 2 2 2 2 2 2 2 2 2 2 2 2 

4 4 4 4 4 4 4 4 4 4 4 4 4 4 4 4 4 4 4 4 4 4 4 4 4 4 4 4 4 4 4 4 4 4 4 4 4 4 4 4 4 4 4 4 4 4 4 4 4 4 4 4 4 4 4 4 4 4 4 4 4 4 4 4 4 4 4 4 4 4 4 4 4 4 4 4 4 4 4 4 4 4 4 4 4 4 4 4 4 4 4 4 4 4 4 4 

16 46 137 175 
17 47 138 160 
18 32 139 161 
19 33 140 162 
20 34 141 163 
21 35 142 164 
22 36 143 165 
23 37 128 166 
24 38 129 167 
25 39 130 168 
26 40 131 169 
27 41 132 170 
28 42 133 171 
29 43 134 172 
30 44 135 173 
31 45 136 174 
15 43 108 183 
0 44 109 184 
1 45 110 185 
2 46 111 186 
3 47 96 187 
4 32 97 188 
5 33 98 189 
6 34 99 190 
7 35 100 191 
8 36 101 176 
9 37 102 177 
10 38 103 178 
11 39 104 179 
12 40 105 180 
13 41 106 181 
14 42 107 182 
14 22 116 149 
15 23 117 150 
0 24 118 151 
1 25 119 152 
2 26 120 153 
3 27 121 154 
4 28 122 155 
5 29 123 156 
6 30 124 157 
7 31 125 158 
8 16 126 159 
9 17 127 144 
10 18 112 145 
11 19 113 146 
12 20 114 147 
13 21 115 148 
71 87 113 182 
72 88 114 183 
73 89 115 184 
74 90 116 185 
75 91 117 186 
76 92 118 187 
77 93 119 188 
78 94 120 189 
79 95 121 190 
64 80 122 191 
65 81 123 176 
66 82 124 177 
67 83 125 178 
68 84 126 179 
69 85 127 180 
70 86 112 181 
56 82 131 158 
57 83 132 159 
58 84 133 144 
59 85 134 145 
60 86 135 146 
61 87 136 147 
62 88 137 148 
63 89 138 149 
48 90 139 150 
49 91 140 151 
50 92 141 152 
51 93 142 153 
52 94 143 154 
53 95 128 155 
54 80 129 156 
55 81 130 157 
49 69 100 165 
50 70 101 166 
51 71 102 167 
52 72 103 168 
53 73 104 169 
54 74 105 170 
55 75 106 171 
56 76 107 172 
57 77 108 173 
58 78 109 174 
59 79 110 175 
60 64 111 160 
61 65 96 161 
62 66 97 162 
63 67 98 163 
48 68 99 164 

21 1 38 47 
44 27 18 1 
21 1 47 38 
1 18 38 55 
55 38 18 1 
27 18 44 1 
1 44 18 27 
1 18 44 27 
1 38 55 18 
44 1 18 27 
18 55 1 38 
10 1 27 47 
1 18 27 44 
27 18 44 1 
44 27 1 18 
38 18 1 55 
1 55 38 18 
27 44 1 18 
10 47 1 27 
38 21 47 1 
1 27 10 47 
47 38 21 1 
10 47 1 27 
1 55 18 38 
44 1 27 18 
21 47 1 38 
38 55 1 18 
27 1 47 10 
44 18 1 27 
1 10 27 47 
27 10 1 47 
18 55 38 1 
1 27 18 44 
18 44 1 27 
18 44 27 1 
55 18 38 1 
1 10 27 47 
47 38 1 21 
18 27 44 1 
55 1 18 38 
18 27 44 1 
10 27 47 1 
1 27 44 18 
38 47 21 1 
10 27 1 47 
38 47 21 1 
27 10 1 47 
1 38 55 18 
27 18 44 1 
27 18 44 1 
18 38 1 55 
44 27 1 18 
47 21 1 38 
1 47 38 21 
27 1 10 47 
1 27 10 47 
38 47 21 1 
38 47 21 1 
1 27 47 10 
1 27 10 47 
1 27 10 47 
1 55 18 38 
18 1 55 38 
1 55 18 38 
38 21 47 1 
27 10 1 47 
1 38 18 55 
44 18 1 27 
27 1 44 18 
1 27 47 10 
18 27 1 44 
10 27 47 1 
18 1 27 44 
38 47 1 21 
18 44 1 27 
1 47 21 38 
1 10 27 47 
27 1 18 44 
21 1 47 38 
55 18 1 38 
47 1 27 10 
18 38 55 1 
55 38 18 1 
27 1 44 18 
47 10 27 1 
10 27 1 47 
47 1 21 38 
47 1 27 10 
38 1 47 21 
1 10 27 47 
44 1 27 18 
1 47 38 21 
47 21 1 38 
21 1 47 38 
1 18 27 44 
44 18 1 27 
