48 24 64

2 2 2 2 2 2 2 2 2 2 2 2 2 2 2 2 2 2 2 2 2 2 2 2 2 2 2 2 2 2 2 2 2 2 2 2 2 2 2 2 2 2 2 2 2 2 2 2 

4 4 4 4 4 4 4 4 4 4 4 4 4 4 4 4 4 4 4 4 4 4 4 4 

4 9 34 42 
5 10 35 43 
6 11 32 40 
7 8 33 41 
1 9 26 44 
2 10 27 45 
3 11 24 46 
0 8 25 47 
1 6 28 38 
2 7 29 39 
3 4 30 36 
0 5 31 37 
17 23 29 44 
18 20 30 45 
19 21 31 46 
16 22 28 47 
13 20 33 38 
14 21 34 39 
15 22 35 36 
12 23 32 37 
12 16 27 42 
13 17 24 43 
14 18 25 40 
15 19 26 41 

38 55 18 1 
55 1 38 18 
1 10 47 27 
38 1 21 47 
55 1 38 18 
38 18 1 55 
1 38 21 47 
38 1 21 47 
1 10 27 47 
1 27 47 10 
18 1 38 55 
10 27 1 47 
27 18 44 1 
1 27 10 47 
27 18 1 44 
10 27 47 1 
55 1 18 38 
10 1 47 27 
47 1 10 27 
1 10 47 27 
1 21 38 47 
1 21 47 38 
21 38 47 1 
18 55 38 1 
