96 16 64

2 2 2 2 2 2 2 2 2 2 2 2 2 2 2 2 2 2 2 2 2 2 2 2 2 2 2 2 2 2 2 2 2 2 2 2 2 2 2 2 2 2 2 2 2 2 2 2 2 2 2 2 2 2 2 2 2 2 2 2 2 2 2 2 2 2 2 2 2 2 2 2 2 2 2 2 2 2 2 2 2 2 2 2 2 2 2 2 2 2 2 2 2 2 2 2 

12 12 12 12 12 12 12 12 12 12 12 12 12 12 12 12 

1 4 29 31 34 40 55 58 68 73 83 90 
2 5 30 24 35 41 48 59 69 74 84 91 
3 6 31 25 36 42 49 60 70 75 85 92 
4 7 24 26 37 43 50 61 71 76 86 93 
5 0 25 27 38 44 51 62 64 77 87 94 
6 1 26 28 39 45 52 63 65 78 80 95 
7 2 27 29 32 46 53 56 66 79 81 88 
0 3 28 30 33 47 54 57 67 72 82 89 
14 9 23 17 34 43 49 57 66 74 80 94 
15 10 16 18 35 44 50 58 67 75 81 95 
8 11 17 19 36 45 51 59 68 76 82 88 
9 12 18 20 37 46 52 60 69 77 83 89 
10 13 19 21 38 47 53 61 70 78 84 90 
11 14 20 22 39 40 54 62 71 79 85 91 
12 15 21 23 32 41 55 63 64 72 86 92 
13 8 22 16 33 42 48 56 65 73 87 93 

60 1 53 43 25 13 31 7 37 19 47 54 
19 53 13 54 37 1 60 31 47 25 7 43 
53 60 1 43 7 19 54 25 47 37 13 31 
7 53 37 43 13 25 60 31 54 1 47 19 
37 54 60 43 31 47 1 13 19 7 25 53 
43 25 47 31 13 1 60 37 54 7 53 19 
13 7 31 1 60 19 25 37 47 53 43 54 
53 19 13 47 25 31 60 54 1 43 37 7 
19 25 53 31 13 37 60 47 7 54 1 43 
1 43 60 25 47 31 19 7 37 54 53 13 
53 25 13 60 37 47 19 43 31 54 1 7 
31 1 13 7 47 53 25 19 60 54 37 43 
54 25 1 7 19 13 43 31 37 47 60 53 
37 54 13 47 1 60 7 19 53 25 43 31 
7 47 37 13 31 54 25 43 19 60 1 53 
1 60 19 31 54 25 37 47 43 7 13 53 
