480 240 64

2 2 2 2 2 2 2 2 2 2 2 2 2 2 2 2 2 2 2 2 2 2 2 2 2 2 2 2 2 2 2 2 2 2 2 2 2 2 2 2 2 2 2 2 2 2 2 2 2 2 2 2 2 2 2 2 2 2 2 2 2 2 2 2 2 2 2 2 2 2 2 2 2 2 2 2 2 2 2 2 2 2 2 2 2 2 2 2 2 2 2 2 2 2 2 2 2 2 2 2 2 2 2 2 2 2 2 2 2 2 2 2 2 2 2 2 2 2 2 2 2 2 2 2 2 2 2 2 2 2 2 2 2 2 2 2 2 2 2 2 2 2 2 2 2 2 2 2 2 2 2 2 2 2 2 2 2 2 2 2 2 2 2 2 2 2 2 2 2 2 2 2 2 2 2 2 2 2 2 2 2 2 2 2 2 2 2 2 2 2 2 2 2 2 2 2 2 2 2 2 2 2 2 2 2 2 2 2 2 2 2 2 2 2 2 2 2 2 2 2 2 2 2 2 2 2 2 2 2 2 2 2 2 2 2 2 2 2 2 2 2 2 2 2 2 2 2 2 2 2 2 2 2 2 2 2 2 2 2 2 2 2 2 2 2 2 2 2 2 2 2 2 2 2 2 2 2 2 2 2 2 2 2 2 2 2 2 2 2 2 2 2 2 2 2 2 2 2 2 2 2 2 2 2 2 2 2 2 2 2 2 2 2 2 2 2 2 2 2 2 2 2 2 2 2 2 2 2 2 2 2 2 2 2 2 2 2 2 2 2 2 2 2 2 2 2 2 2 2 2 2 2 2 2 2 2 2 2 2 2 2 2 2 2 2 2 2 2 2 2 2 2 2 2 2 2 2 2 2 2 2 2 2 2 2 2 2 2 2 2 2 2 2 2 2 2 2 2 2 2 2 2 2 2 2 2 2 2 2 2 2 2 2 2 2 2 2 2 2 2 2 2 2 2 2 2 2 2 2 2 2 2 2 2 2 2 2 2 2 2 2 2 2 2 2 2 2 2 2 2 2 2 2 2 2 2 2 2 2 2 2 2 2 2 2 2 2 2 2 2 2 2 2 2 2 2 2 2 2 2 

4 4 4 4 4 4 4 4 4 4 4 4 4 4 4 4 4 4 4 4 4 4 4 4 4 4 4 4 4 4 4 4 4 4 4 4 4 4 4 4 4 4 4 4 4 4 4 4 4 4 4 4 4 4 4 4 4 4 4 4 4 4 4 4 4 4 4 4 4 4 4 4 4 4 4 4 4 4 4 4 4 4 4 4 4 4 4 4 4 4 4 4 4 4 4 4 4 4 4 4 4 4 4 4 4 4 4 4 4 4 4 4 4 4 4 4 4 4 4 4 4 4 4 4 4 4 4 4 4 4 4 4 4 4 4 4 4 4 4 4 4 4 4 4 4 4 4 4 4 4 4 4 4 4 4 4 4 4 4 4 4 4 4 4 4 4 4 4 4 4 4 4 4 4 4 4 4 4 4 4 4 4 4 4 4 4 4 4 4 4 4 4 4 4 4 4 4 4 4 4 4 4 4 4 4 4 4 4 4 4 4 4 4 4 4 4 4 4 4 4 4 4 4 4 4 4 4 4 4 4 4 4 4 4 4 4 4 4 4 4 

52 116 357 409 
53 117 358 410 
54 118 359 411 
55 119 320 412 
56 80 321 413 
57 81 322 414 
58 82 323 415 
59 83 324 416 
60 84 325 417 
61 85 326 418 
62 86 327 419 
63 87 328 420 
64 88 329 421 
65 89 330 422 
66 90 331 423 
67 91 332 424 
68 92 333 425 
69 93 334 426 
70 94 335 427 
71 95 336 428 
72 96 337 429 
73 97 338 430 
74 98 339 431 
75 99 340 432 
76 100 341 433 
77 101 342 434 
78 102 343 435 
79 103 344 436 
40 104 345 437 
41 105 346 438 
42 106 347 439 
43 107 348 400 
44 108 349 401 
45 109 350 402 
46 110 351 403 
47 111 352 404 
48 112 353 405 
49 113 354 406 
50 114 355 407 
51 115 356 408 
36 106 249 440 
37 107 250 441 
38 108 251 442 
39 109 252 443 
0 110 253 444 
1 111 254 445 
2 112 255 446 
3 113 256 447 
4 114 257 448 
5 115 258 449 
6 116 259 450 
7 117 260 451 
8 118 261 452 
9 119 262 453 
10 80 263 454 
11 81 264 455 
12 82 265 456 
13 83 266 457 
14 84 267 458 
15 85 268 459 
16 86 269 460 
17 87 270 461 
18 88 271 462 
19 89 272 463 
20 90 273 464 
21 91 274 465 
22 92 275 466 
23 93 276 467 
24 94 277 468 
25 95 278 469 
26 96 279 470 
27 97 240 471 
28 98 241 472 
29 99 242 473 
30 100 243 474 
31 101 244 475 
32 102 245 476 
33 103 246 477 
34 104 247 478 
35 105 248 479 
39 53 303 399 
0 54 304 360 
1 55 305 361 
2 56 306 362 
3 57 307 363 
4 58 308 364 
5 59 309 365 
6 60 310 366 
7 61 311 367 
8 62 312 368 
9 63 313 369 
10 64 314 370 
11 65 315 371 
12 66 316 372 
13 67 317 373 
14 68 318 374 
15 69 319 375 
16 70 280 376 
17 71 281 377 
18 72 282 378 
19 73 283 379 
20 74 284 380 
21 75 285 381 
22 76 286 382 
23 77 287 383 
24 78 288 384 
25 79 289 385 
26 40 290 386 
27 41 291 387 
28 42 292 388 
29 43 293 389 
30 44 294 390 
31 45 295 391 
32 46 296 392 
33 47 297 393 
34 48 298 394 
35 49 299 395 
36 50 300 396 
37 51 301 397 
38 52 302 398 
164 237 289 476 
165 238 290 477 
166 239 291 478 
167 200 292 479 
168 201 293 440 
169 202 294 441 
170 203 295 442 
171 204 296 443 
172 205 297 444 
173 206 298 445 
174 207 299 446 
175 208 300 447 
176 209 301 448 
177 210 302 449 
178 211 303 450 
179 212 304 451 
180 213 305 452 
181 214 306 453 
182 215 307 454 
183 216 308 455 
184 217 309 456 
185 218 310 457 
186 219 311 458 
187 220 312 459 
188 221 313 460 
189 222 314 461 
190 223 315 462 
191 224 316 463 
192 225 317 464 
193 226 318 465 
194 227 319 466 
195 228 280 467 
196 229 281 468 
197 230 282 469 
198 231 283 470 
199 232 284 471 
160 233 285 472 
161 234 286 473 
162 235 287 474 
163 236 288 475 
136 214 341 385 
137 215 342 386 
138 216 343 387 
139 217 344 388 
140 218 345 389 
141 219 346 390 
142 220 347 391 
143 221 348 392 
144 222 349 393 
145 223 350 394 
146 224 351 395 
147 225 352 396 
148 226 353 397 
149 227 354 398 
150 228 355 399 
151 229 356 360 
152 230 357 361 
153 231 358 362 
154 232 359 363 
155 233 320 364 
156 234 321 365 
157 235 322 366 
158 236 323 367 
159 237 324 368 
120 238 325 369 
121 239 326 370 
122 200 327 371 
123 201 328 372 
124 202 329 373 
125 203 330 374 
126 204 331 375 
127 205 332 376 
128 206 333 377 
129 207 334 378 
130 208 335 379 
131 209 336 380 
132 210 337 381 
133 211 338 382 
134 212 339 383 
135 213 340 384 
139 180 270 410 
140 181 271 411 
141 182 272 412 
142 183 273 413 
143 184 274 414 
144 185 275 415 
145 186 276 416 
146 187 277 417 
147 188 278 418 
148 189 279 419 
149 190 240 420 
150 191 241 421 
151 192 242 422 
152 193 243 423 
153 194 244 424 
154 195 245 425 
155 196 246 426 
156 197 247 427 
157 198 248 428 
158 199 249 429 
159 160 250 430 
120 161 251 431 
121 162 252 432 
122 163 253 433 
123 164 254 434 
124 165 255 435 
125 166 256 436 
126 167 257 437 
127 168 258 438 
128 169 259 439 
129 170 260 400 
130 171 261 401 
131 172 262 402 
132 173 263 403 
133 174 264 404 
134 175 265 405 
135 176 266 406 
136 177 267 407 
137 178 268 408 
138 179 269 409 

21 47 38 1 
47 1 38 21 
18 44 27 1 
18 55 38 1 
47 21 1 38 
55 38 1 18 
27 47 1 10 
27 47 10 1 
18 1 38 55 
47 10 27 1 
21 47 38 1 
1 47 38 21 
27 44 18 1 
1 18 38 55 
38 55 18 1 
47 1 21 38 
38 47 1 21 
18 38 1 55 
38 18 55 1 
1 47 38 21 
1 44 18 27 
18 27 1 44 
44 1 27 18 
1 10 27 47 
47 38 21 1 
55 18 38 1 
21 38 1 47 
47 1 21 38 
10 1 47 27 
18 38 55 1 
21 1 47 38 
44 18 27 1 
21 47 1 38 
27 44 18 1 
18 27 44 1 
10 47 1 27 
38 1 55 18 
38 1 18 55 
38 1 18 55 
55 38 18 1 
55 38 18 1 
1 10 27 47 
47 1 27 10 
27 10 47 1 
18 1 27 44 
38 55 1 18 
10 1 47 27 
1 38 47 21 
27 18 1 44 
55 18 38 1 
47 1 38 21 
1 47 38 21 
10 1 47 27 
1 44 18 27 
38 21 47 1 
47 1 27 10 
38 18 1 55 
47 38 1 21 
10 47 1 27 
27 44 18 1 
21 1 47 38 
38 55 18 1 
55 38 1 18 
38 1 18 55 
47 1 27 10 
47 1 27 10 
38 21 47 1 
1 18 38 55 
47 1 27 10 
27 10 1 47 
47 21 38 1 
1 18 44 27 
27 44 1 18 
18 55 1 38 
44 1 18 27 
47 38 21 1 
47 1 21 38 
1 55 38 18 
21 47 38 1 
27 47 10 1 
18 44 1 27 
1 27 44 18 
1 47 27 10 
1 55 38 18 
47 38 1 21 
38 21 1 47 
1 10 47 27 
1 10 27 47 
1 27 44 18 
38 47 1 21 
1 55 18 38 
1 38 21 47 
21 38 47 1 
1 18 44 27 
38 47 21 1 
1 21 47 38 
10 47 1 27 
1 38 18 55 
1 38 55 18 
1 18 38 55 
18 27 1 44 
38 21 47 1 
1 27 10 47 
10 47 27 1 
27 1 44 18 
38 21 1 47 
1 47 21 38 
38 47 1 21 
27 47 10 1 
38 47 1 21 
27 47 10 1 
27 18 44 1 
55 1 18 38 
55 38 18 1 
1 38 21 47 
21 47 1 38 
10 1 47 27 
21 1 38 47 
1 47 38 21 
18 38 55 1 
10 27 1 47 
27 1 47 10 
27 47 1 10 
47 38 1 21 
1 44 27 18 
27 1 18 44 
1 38 55 18 
10 47 1 27 
1 18 55 38 
38 1 21 47 
21 1 47 38 
1 47 21 38 
1 27 10 47 
47 27 10 1 
18 27 44 1 
47 27 1 10 
44 18 27 1 
27 44 18 1 
38 1 21 47 
27 1 44 18 
47 1 27 10 
55 38 18 1 
10 27 47 1 
38 1 55 18 
47 1 27 10 
38 18 1 55 
27 44 1 18 
38 55 18 1 
47 27 1 10 
27 47 10 1 
18 27 44 1 
27 1 47 10 
47 10 27 1 
38 18 1 55 
27 47 10 1 
44 27 18 1 
38 18 55 1 
21 1 47 38 
55 38 1 18 
47 1 10 27 
47 21 38 1 
1 18 38 55 
55 18 1 38 
55 1 18 38 
1 10 27 47 
1 55 38 18 
1 18 38 55 
21 1 38 47 
18 27 1 44 
1 47 10 27 
38 1 21 47 
21 47 38 1 
18 55 38 1 
27 10 47 1 
1 21 47 38 
27 18 1 44 
27 1 18 44 
47 38 1 21 
44 18 1 27 
47 27 10 1 
21 1 47 38 
47 38 21 1 
1 21 38 47 
27 47 1 10 
1 44 27 18 
38 18 1 55 
1 55 18 38 
27 1 44 18 
1 47 21 38 
38 47 1 21 
27 1 44 18 
38 55 18 1 
38 47 1 21 
1 10 47 27 
1 18 44 27 
38 1 47 21 
1 21 38 47 
18 1 44 27 
1 55 18 38 
47 21 1 38 
47 1 38 21 
1 55 38 18 
55 18 1 38 
38 21 47 1 
1 47 21 38 
38 1 55 18 
18 55 1 38 
27 44 1 18 
44 1 27 18 
27 47 10 1 
47 1 27 10 
47 10 1 27 
27 18 1 44 
1 47 10 27 
38 18 1 55 
55 1 38 18 
38 1 55 18 
27 1 10 47 
1 47 21 38 
47 21 1 38 
38 18 1 55 
27 1 47 10 
27 47 10 1 
1 38 18 55 
1 44 18 27 
55 1 38 18 
47 10 1 27 
21 1 47 38 
21 47 1 38 
27 1 18 44 
21 1 47 38 
47 27 1 10 
1 47 10 27 
1 38 55 18 
1 27 18 44 
38 1 55 18 
18 38 55 1 
18 55 38 1 
44 27 18 1 
1 21 47 38 
