96 32 64 
2 2 2 2 2 2 2 2 2 2 2 2 2 2 2 2 2 2 2 2 2 2 2 2 2 2 2 2 2 2 2 2 2 2 2 2 2 2 2 2 2 2 2 2 2 2 2 2 2 2 2 2 2 2 2 2 2 2 2 2 2 2 2 2 2 2 2 2 2 2 2 2 2 2 2 2 2 2 2 2 2 2 2 2 2 2 2 2 2 2 2 2 2 2 2 2 
6 6 6 6 6 6 6 6 6 6 6 6 6 6 6 6 6 6 6 6 6 6 6 6 6 6 6 6 6 6 6 6 
1 0 17 6 33 13 49 20 65 46 81 55  
2 0 18 6 34 13 50 20 66 46 82 55  
3 6 19 13 35 0 51 20 67 46 83 55  
4 6 20 13 36 20 52 0 68 46 84 55  
5 6 21 13 37 20 53 46 69 0 85 55  
6 6 22 13 38 20 54 46 70 55 86 0  
7 6 23 13 39 20 55 46 71 55 87 0  
8 6 24 13 40 20 56 46 72 55 88 0  
9 6 25 13 41 20 57 46 73 55 89 0  
10 6 26 13 42 20 58 46 74 55 90 0  
11 6 27 13 43 20 59 46 75 55 91 0  
12 6 28 13 44 20 60 46 76 55 92 0  
13 6 29 13 45 20 61 46 77 55 93 0  
14 6 30 13 46 20 62 46 78 55 94 0  
15 6 31 13 47 20 63 46 79 55 95 0  
16 6 32 13 48 55 64 46 80 20 96 0  
1 6 18 0 35 13 52 20 69 46 86 55  
2 6 19 0 36 13 53 20 70 46 87 55  
3 0 20 55 37 6 54 13 71 20 88 46  
4 0 21 6 38 13 55 20 72 46 89 55  
5 0 22 46 39 55 56 6 73 13 90 20  
6 0 23 55 40 6 57 13 74 46 91 20  
7 46 24 0 41 55 58 20 75 6 92 13  
8 0 25 6 42 46 59 55 76 20 93 13  
9 46 26 0 43 55 60 20 77 6 94 13  
10 0 27 6 44 55 61 13 78 46 95 20  
11 0 28 20 45 46 62 55 79 6 96 13  
12 46 29 6 46 0 63 20 80 55 81 13  
13 13 30 0 47 6 64 55 65 20 82 46  
14 46 31 20 48 0 49 55 66 13 83 6  
15 0 32 46 33 6 50 55 67 13 84 20  
16 13 17 46 34 55 51 0 68 20 85 6 
