99 66 64 
2 2 2 2 2 2 2 2 2 2 2 2 2 2 2 2 2 2 2 2 2 2 2 2 2 2 2 2 2 2 2 2 2 2 2 2 2 2 2 2 2 2 2 2 2 2 2 2 2 2 2 2 2 2 2 2 2 2 2 2 2 2 2 2 2 2 2 2 2 2 2 2 2 2 2 2 2 2 2 2 2 2 2 2 2 2 2 2 2 2 2 2 2 2 2 2 2 2 2 
3 3 3 3 3 3 3 3 3 3 3 3 3 3 3 3 3 3 3 3 3 3 3 3 3 3 3 3 3 3 3 3 3 3 3 3 3 3 3 3 3 3 3 3 3 3 3 3 3 3 3 3 3 3 3 3 3 3 3 3 3 3 3 3 3 3 
1 0 34 15 67 41  
2 0 35 15 68 41  
3 15 36 41 69 0  
4 15 37 41 70 0  
5 15 38 41 71 0  
6 15 39 41 72 0  
7 15 40 41 73 0  
8 15 41 41 74 0  
9 15 42 41 75 0  
10 15 43 41 76 0  
11 15 44 41 77 0  
12 0 45 15 78 41  
13 15 46 0 79 41  
14 15 47 0 80 41  
15 15 48 0 81 41  
16 15 49 0 82 41  
17 15 50 0 83 41  
18 15 51 0 84 41  
19 15 52 0 85 41  
20 15 53 0 86 41  
21 15 54 0 87 41  
22 15 55 0 88 41  
23 15 56 41 89 0  
24 0 57 15 90 41  
25 15 58 41 91 0  
26 15 59 41 92 0  
27 15 60 41 93 0  
28 15 61 41 94 0  
29 15 62 41 95 0  
30 15 63 41 96 0  
31 15 64 41 97 0  
32 15 65 41 98 0  
33 15 66 41 99 0  
1 15 45 0 89 41  
2 15 46 41 90 0  
3 0 47 15 91 41  
4 0 48 15 92 41  
5 0 49 15 93 41  
6 0 50 15 94 41  
7 0 51 15 95 41  
8 0 52 15 96 41  
9 0 53 15 97 41  
10 0 54 15 98 41  
11 0 55 15 99 41  
12 15 57 0 69 41  
13 0 58 15 70 41  
14 0 59 15 71 41  
15 0 60 15 72 41  
16 0 61 15 73 41  
17 0 62 15 74 41  
18 0 63 15 75 41  
19 0 64 15 76 41  
20 0 65 15 77 41  
21 41 66 0 67 15  
22 41 56 0 68 15  
23 41 37 0 82 15  
24 41 38 0 83 15  
25 41 39 0 84 15  
26 41 40 0 85 15  
27 41 41 0 86 15  
28 41 42 0 87 15  
29 41 43 0 88 15  
30 41 44 0 78 15  
31 0 34 41 79 15  
32 0 35 41 80 15  
33 41 36 0 81 15  
