960 640 64 
2 2 2 2 2 2 2 2 2 2 2 2 2 2 2 2 2 2 2 2 2 2 2 2 2 2 2 2 2 2 2 2 2 2 2 2 2 2 2 2 2 2 2 2 2 2 2 2 2 2 2 2 2 2 2 2 2 2 2 2 2 2 2 2 2 2 2 2 2 2 2 2 2 2 2 2 2 2 2 2 2 2 2 2 2 2 2 2 2 2 2 2 2 2 2 2 2 2 2 2 2 2 2 2 2 2 2 2 2 2 2 2 2 2 2 2 2 2 2 2 2 2 2 2 2 2 2 2 2 2 2 2 2 2 2 2 2 2 2 2 2 2 2 2 2 2 2 2 2 2 2 2 2 2 2 2 2 2 2 2 2 2 2 2 2 2 2 2 2 2 2 2 2 2 2 2 2 2 2 2 2 2 2 2 2 2 2 2 2 2 2 2 2 2 2 2 2 2 2 2 2 2 2 2 2 2 2 2 2 2 2 2 2 2 2 2 2 2 2 2 2 2 2 2 2 2 2 2 2 2 2 2 2 2 2 2 2 2 2 2 2 2 2 2 2 2 2 2 2 2 2 2 2 2 2 2 2 2 2 2 2 2 2 2 2 2 2 2 2 2 2 2 2 2 2 2 2 2 2 2 2 2 2 2 2 2 2 2 2 2 2 2 2 2 2 2 2 2 2 2 2 2 2 2 2 2 2 2 2 2 2 2 2 2 2 2 2 2 2 2 2 2 2 2 2 2 2 2 2 2 2 2 2 2 2 2 2 2 2 2 2 2 2 2 2 2 2 2 2 2 2 2 2 2 2 2 2 2 2 2 2 2 2 2 2 2 2 2 2 2 2 2 2 2 2 2 2 2 2 2 2 2 2 2 2 2 2 2 2 2 2 2 2 2 2 2 2 2 2 2 2 2 2 2 2 2 2 2 2 2 2 2 2 2 2 2 2 2 2 2 2 2 2 2 2 2 2 2 2 2 2 2 2 2 2 2 2 2 2 2 2 2 2 2 2 2 2 2 2 2 2 2 2 2 2 2 2 2 2 2 2 2 2 2 2 2 2 2 2 2 2 2 2 2 2 2 2 2 2 2 2 2 2 2 2 2 2 2 2 2 2 2 2 2 2 2 2 2 2 2 2 2 2 2 2 2 2 2 2 2 2 2 2 2 2 2 2 2 2 2 2 2 2 2 2 2 2 2 2 2 2 2 2 2 2 2 2 2 2 2 2 2 2 2 2 2 2 2 2 2 2 2 2 2 2 2 2 2 2 2 2 2 2 2 2 2 2 2 2 2 2 2 2 2 2 2 2 2 2 2 2 2 2 2 2 2 2 2 2 2 2 2 2 2 2 2 2 2 2 2 2 2 2 2 2 2 2 2 2 2 2 2 2 2 2 2 2 2 2 2 2 2 2 2 2 2 2 2 2 2 2 2 2 2 2 2 2 2 2 2 2 2 2 2 2 2 2 2 2 2 2 2 2 2 2 2 2 2 2 2 2 2 2 2 2 2 2 2 2 2 2 2 2 2 2 2 2 2 2 2 2 2 2 2 2 2 2 2 2 2 2 2 2 2 2 2 2 2 2 2 2 2 2 2 2 2 2 2 2 2 2 2 2 2 2 2 2 2 2 2 2 2 2 2 2 2 2 2 2 2 2 2 2 2 2 2 2 2 2 2 2 2 2 2 2 2 2 2 2 2 2 2 2 2 2 2 2 2 2 2 2 2 2 2 2 2 2 2 2 2 2 2 2 2 2 2 2 2 2 2 2 2 2 2 2 2 2 2 2 2 2 2 2 2 2 2 2 2 2 2 2 2 2 2 2 2 2 2 2 2 2 2 2 2 2 2 2 2 2 2 2 2 2 2 2 2 2 2 2 2 2 2 2 2 2 2 2 2 2 2 2 2 2 2 2 2 2 2 2 2 2 2 2 2 2 2 2 2 2 2 2 2 2 2 2 2 2 2 2 2 2 2 2 2 2 2 2 2 2 2 2 2 2 2 2 2 2 2 2 2 2 2 2 2 2 2 2 2 2 2 2 2 2 2 2 2 2 2 2 2 2 2 2 2 2 2 2 2 2 2 2 2 2 2 2 2 2 2 2 2 2 2 2 2 2 2 2 2 2 2 2 2 2 2 2 2 2 2 2 2 2 2 2 2 2 2 2 2 2 2  
3 3 3 3 3 3 3 3 3 3 3 3 3 3 3 3 3 3 3 3 3 3 3 3 3 3 3 3 3 3 3 3 3 3 3 3 3 3 3 3 3 3 3 3 3 3 3 3 3 3 3 3 3 3 3 3 3 3 3 3 3 3 3 3 3 3 3 3 3 3 3 3 3 3 3 3 3 3 3 3 3 3 3 3 3 3 3 3 3 3 3 3 3 3 3 3 3 3 3 3 3 3 3 3 3 3 3 3 3 3 3 3 3 3 3 3 3 3 3 3 3 3 3 3 3 3 3 3 3 3 3 3 3 3 3 3 3 3 3 3 3 3 3 3 3 3 3 3 3 3 3 3 3 3 3 3 3 3 3 3 3 3 3 3 3 3 3 3 3 3 3 3 3 3 3 3 3 3 3 3 3 3 3 3 3 3 3 3 3 3 3 3 3 3 3 3 3 3 3 3 3 3 3 3 3 3 3 3 3 3 3 3 3 3 3 3 3 3 3 3 3 3 3 3 3 3 3 3 3 3 3 3 3 3 3 3 3 3 3 3 3 3 3 3 3 3 3 3 3 3 3 3 3 3 3 3 3 3 3 3 3 3 3 3 3 3 3 3 3 3 3 3 3 3 3 3 3 3 3 3 3 3 3 3 3 3 3 3 3 3 3 3 3 3 3 3 3 3 3 3 3 3 3 3 3 3 3 3 3 3 3 3 3 3 3 3 3 3 3 3 3 3 3 3 3 3 3 3 3 3 3 3 3 3 3 3 3 3 3 3 3 3 3 3 3 3 3 3 3 3 3 3 3 3 3 3 3 3 3 3 3 3 3 3 3 3 3 3 3 3 3 3 3 3 3 3 3 3 3 3 3 3 3 3 3 3 3 3 3 3 3 3 3 3 3 3 3 3 3 3 3 3 3 3 3 3 3 3 3 3 3 3 3 3 3 3 3 3 3 3 3 3 3 3 3 3 3 3 3 3 3 3 3 3 3 3 3 3 3 3 3 3 3 3 3 3 3 3 3 3 3 3 3 3 3 3 3 3 3 3 3 3 3 3 3 3 3 3 3 3 3 3 3 3 3 3 3 3 3 3 3 3 3 3 3 3 3 3 3 3 3 3 3 3 3 3 3 3 3 3 3 3 3 3 3 3 3 3 3 3 3 3 3 3 3 3 3 3 3 3 3 3 3 3 3 3 3 3 3 3 3 3 3 3 3 3 3 3 3 3 3 3 3 3 3 3 3 3 3 3 3 3 3 3 3 3 3 3 3 3 3 3 3 3 3 3 3 3 3 3 3 3 3 3 3 3 3 3 3 3 3 3 3 3 3 3 3 3 3 3 3 3 3 3 3 3 3 3 3 3 3 3 3 3 3 3 3 3 3 3 3 3 3 3 3 3 3 3 3 3 3 3 3 3 3 3 3 3 3 3 3 3 3 3 3 3 3 3 3 3  
1 21 33 0  
2 21 34 37  
3 21 35 37  
4 21 36 0  
5 37 37 0  
6 0 38 0  
7 37 39 21  
8 37 40 37  
9 37 41 0  
10 21 42 37  
11 0 43 21  
12 0 44 37  
13 0 45 0  
14 21 46 21  
15 37 47 0  
16 0 48 21  
17 21 49 0  
18 37 50 0  
19 0 51 21  
20 0 52 37  
21 0 53 0  
22 37 54 37  
23 21 55 0  
24 21 56 37  
25 21 57 21  
26 37 58 21  
27 37 59 0  
28 0 60 0  
29 21 61 37  
30 0 62 37  
31 21 63 21  
32 0 64 21  
1 0 89 37  
2 37 90 0  
3 37 91 21  
4 37 92 37  
5 0 93 37  
6 21 94 0  
7 21 95 37  
8 0 96 0  
9 0 65 0  
10 37 66 21  
11 21 67 0  
12 21 68 21  
13 37 69 37  
14 0 70 0  
15 0 71 0  
16 37 72 37  
17 0 73 37  
18 0 74 21  
19 37 75 0  
20 21 76 37  
21 21 77 21  
22 21 78 21  
23 37 79 21  
24 37 80 0  
25 37 81 37  
26 0 82 0  
27 21 83 21  
28 37 84 0  
29 37 85 37  
30 37 86 0  
31 0 87 0  
32 21 88 0  
1 37 128 0  
2 0 97 21  
3 0 98 21  
4 0 99 0  
5 21 100 21  
6 37 101 37  
7 0 102 37  
8 21 103 21  
9 21 104 37  
10 0 105 37  
11 37 106 0  
12 37 107 37  
13 21 108 21  
14 37 109 0  
15 21 110 21  
16 21 111 21  
17 37 112 0  
18 21 113 37  
19 21 114 0  
20 37 115 21  
21 37 116 37  
22 0 117 21  
23 0 118 37  
24 0 119 0  
25 0 120 0  
26 21 121 0  
27 0 122 0  
28 21 123 37  
29 0 124 21  
30 21 125 21  
31 37 126 0  
32 37 127 0  
33 37 141 21  
34 21 142 0  
35 0 143 21  
36 21 144 37  
37 21 145 0  
38 21 146 21  
39 0 147 0  
40 0 148 37  
41 37 149 21  
42 0 150 0  
43 0 151 37  
44 21 152 37  
45 37 153 21  
46 0 154 37  
47 21 155 0  
48 0 156 0  
49 21 157 0  
50 21 158 0  
51 0 159 21  
52 0 160 0  
53 37 129 21  
54 21 130 21  
55 37 131 21  
56 21 132 21  
57 37 133 37  
58 0 134 0  
59 21 135 0  
60 21 136 37  
61 21 137 37  
62 0 138 0  
63 0 139 0  
64 37 140 0  
33 21 162 37  
34 0 163 37  
35 21 164 21  
36 37 165 21  
37 37 166 21  
38 37 167 0  
39 37 168 37  
40 21 169 37  
41 21 170 21  
42 21 171 0  
43 37 172 0  
44 0 173 0  
45 21 174 0  
46 37 175 21  
47 37 176 0  
48 37 177 0  
49 37 178 21  
50 37 179 21  
51 37 180 0  
52 21 181 0  
53 21 182 0  
54 0 183 21  
55 21 184 0  
56 0 185 37  
57 0 186 21  
58 37 187 37  
59 37 188 37  
60 37 189 21  
61 0 190 37  
62 21 191 37  
63 37 192 0  
64 0 161 21  
65 37 213 0  
66 0 214 21  
67 37 215 0  
68 37 216 21  
69 0 217 21  
70 21 218 0  
71 37 219 0  
72 0 220 21  
73 21 221 0  
74 0 222 21  
75 37 223 21  
76 21 224 0  
77 37 193 21  
78 37 194 21  
79 0 195 37  
80 37 196 37  
81 0 197 0  
82 37 198 21  
83 0 199 21  
84 21 200 0  
85 0 201 0  
86 37 202 37  
87 21 203 37  
88 37 204 0  
89 21 205 0  
90 37 206 0  
91 0 207 21  
92 21 208 21  
93 21 209 0  
94 21 210 0  
95 21 211 21  
96 37 212 0  
65 21 237 21  
66 37 238 0  
67 21 239 21  
68 0 240 37  
69 21 241 37  
70 37 242 0  
71 21 243 0  
72 21 244 21  
73 0 245 21  
74 37 246 0  
75 21 247 21  
76 0 248 0  
77 0 249 21  
78 0 250 0  
79 37 251 0  
80 21 252 0  
81 21 253 37  
82 21 254 0  
83 37 255 37  
84 37 256 21  
85 21 225 21  
86 21 226 37  
87 37 227 0  
88 21 228 0  
89 0 229 0  
90 21 230 21  
91 37 231 0  
92 0 232 37  
93 0 233 21  
94 37 234 0  
95 0 235 21  
96 21 236 37  
97 37 276 0  
98 37 277 0  
99 37 278 0  
100 37 279 0  
101 0 280 0  
102 21 281 0  
103 0 282 0  
104 0 283 21  
105 0 284 0  
106 37 285 37  
107 0 286 0  
108 0 287 37  
109 21 288 21  
110 37 257 37  
111 37 258 21  
112 21 259 21  
113 21 260 37  
114 21 261 0  
115 0 262 0  
116 21 263 21  
117 0 264 0  
118 21 265 37  
119 37 266 21  
120 21 267 0  
121 37 268 0  
122 37 269 21  
123 21 270 0  
124 37 271 21  
125 37 272 21  
126 37 273 37  
127 37 274 21  
128 21 275 0  
97 0 302 21  
98 0 303 37  
99 21 304 0  
100 0 305 0  
101 21 306 0  
102 0 307 21  
103 37 308 37  
104 21 309 0  
105 21 310 37  
106 21 311 21  
107 21 312 0  
108 37 313 37  
109 37 314 37  
110 0 315 21  
111 0 316 21  
112 37 317 0  
113 0 318 0  
114 37 319 37  
115 37 320 37  
116 0 289 37  
117 37 290 37  
118 0 291 21  
119 21 292 21  
120 37 293 37  
121 21 294 0  
122 21 295 21  
123 0 296 37  
124 0 297 37  
125 0 298 0  
126 21 299 21  
127 21 300 37  
128 37 301 21  
129 37 349 0  
130 0 350 21  
131 0 351 37  
132 0 352 0  
133 21 321 0  
134 21 322 0  
135 37 323 21  
136 21 324 0  
137 0 325 21  
138 37 326 37  
139 21 327 37  
140 37 328 21  
141 0 329 21  
142 37 330 0  
143 0 331 21  
144 21 332 0  
145 37 333 21  
146 0 334 37  
147 37 335 0  
148 21 336 21  
149 37 337 37  
150 37 338 21  
151 0 339 37  
152 0 340 37  
153 37 341 0  
154 21 342 21  
155 37 343 0  
156 21 344 21  
157 21 345 37  
158 21 346 37  
159 37 347 0  
160 21 348 0  
129 0 365 21  
130 37 366 0  
131 37 367 0  
132 37 368 0  
133 0 369 37  
134 37 370 37  
135 21 371 21  
136 0 372 0  
137 21 373 21  
138 21 374 0  
139 37 375 0  
140 21 376 37  
141 37 377 37  
142 21 378 0  
143 37 379 21  
144 0 380 37  
145 21 381 21  
146 37 382 37  
147 21 383 0  
148 0 384 21  
149 0 353 37  
150 21 354 21  
151 21 355 21  
152 21 356 37  
153 0 357 21  
154 0 358 37  
155 21 359 21  
156 37 360 21  
157 37 361 21  
158 37 362 0  
159 0 363 21  
160 37 364 37  
161 0 412 0  
162 21 413 0  
163 0 414 37  
164 0 415 21  
165 0 416 0  
166 37 385 21  
167 37 386 0  
168 0 387 0  
169 21 388 21  
170 0 389 21  
171 21 390 21  
172 21 391 37  
173 37 392 21  
174 37 393 21  
175 0 394 37  
176 37 395 21  
177 37 396 21  
178 0 397 21  
179 37 398 0  
180 37 399 0  
181 37 400 0  
182 37 401 37  
183 0 402 21  
184 37 403 0  
185 0 404 37  
186 0 405 21  
187 0 406 37  
188 0 407 0  
189 0 408 0  
190 0 409 0  
191 0 410 37  
192 21 411 21  
161 37 424 37  
162 0 425 37  
163 21 426 21  
164 37 427 0  
165 37 428 0  
166 0 429 0  
167 21 430 37  
168 21 431 0  
169 0 432 0  
170 37 433 21  
171 37 434 37  
172 37 435 37  
173 21 436 0  
174 21 437 21  
175 37 438 21  
176 21 439 37  
177 21 440 21  
178 37 441 0  
179 0 442 37  
180 21 443 21  
181 21 444 37  
182 21 445 21  
183 37 446 21  
184 21 447 0  
185 21 448 37  
186 37 417 37  
187 21 418 0  
188 21 419 0  
189 37 420 37  
190 21 421 37  
191 21 422 37  
192 37 423 21  
193 37 351 0  
194 0 352 37  
195 0 321 21  
196 21 322 21  
197 37 323 0  
198 0 324 21  
199 37 325 37  
200 21 326 0  
201 21 327 21  
202 0 328 37  
203 0 329 37  
204 21 330 21  
205 21 331 0  
206 21 332 21  
207 37 333 37  
208 0 334 21  
209 37 335 37  
210 37 336 37  
211 37 337 21  
212 21 338 37  
213 21 339 0  
214 0 340 0  
215 37 341 37  
216 0 342 37  
217 0 343 21  
218 37 344 0  
219 37 345 0  
220 37 346 0  
221 21 347 37  
222 0 348 37  
223 0 349 37  
224 21 350 0  
193 0 449 37  
194 37 450 21  
195 21 451 37  
196 0 452 0  
197 21 453 37  
198 37 454 37  
199 0 455 21  
200 37 456 37  
201 37 457 37  
202 21 458 21  
203 21 459 0  
204 37 460 21  
205 37 461 21  
206 37 462 37  
207 0 463 21  
208 37 464 37  
209 21 465 21  
210 21 466 0  
211 0 467 0  
212 37 468 21  
213 37 469 37  
214 37 470 21  
215 21 471 21  
216 37 472 0  
217 37 473 21  
218 21 474 37  
219 21 475 0  
220 0 476 21  
221 37 477 37  
222 37 478 37  
223 37 479 0  
224 37 480 37  
225 0 394 0  
226 0 395 37  
227 21 396 37  
228 21 397 37  
229 37 398 21  
230 0 399 37  
231 21 400 37  
232 0 401 0  
233 37 402 37  
234 21 403 21  
235 0 404 21  
236 21 405 0  
237 37 406 21  
238 21 407 21  
239 0 408 37  
240 21 409 21  
241 21 410 0  
242 37 411 37  
243 21 412 37  
244 0 413 37  
245 0 414 21  
246 37 415 37  
247 37 416 21  
248 21 385 0  
249 37 386 37  
250 37 387 37  
251 21 388 37  
252 37 389 0  
253 0 390 0  
254 21 391 0  
255 0 392 37  
256 0 393 0  
225 37 493 21  
226 21 494 0  
227 37 495 37  
228 37 496 37  
229 21 497 21  
230 37 498 21  
231 37 499 21  
232 21 500 21  
233 0 501 21  
234 37 502 21  
235 37 503 0  
236 0 504 0  
237 0 505 0  
238 37 506 0  
239 37 507 21  
240 0 508 21  
241 0 509 37  
242 21 510 37  
243 37 511 0  
244 37 512 37  
245 37 481 21  
246 21 482 0  
247 0 483 37  
248 37 484 37  
249 0 485 21  
250 21 486 37  
251 37 487 37  
252 21 488 37  
253 21 489 0  
254 37 490 21  
255 21 491 0  
256 37 492 21  
257 21 364 0  
258 37 365 0  
259 0 366 21  
260 21 367 21  
261 37 368 37  
262 37 369 21  
263 37 370 21  
264 21 371 0  
265 21 372 37  
266 0 373 0  
267 37 374 37  
268 21 375 37  
269 0 376 21  
270 21 377 21  
271 0 378 21  
272 37 379 0  
273 0 380 0  
274 0 381 37  
275 21 382 21  
276 21 383 21  
277 21 384 37  
278 21 353 0  
279 21 354 37  
280 37 355 37  
281 37 356 21  
282 21 357 37  
283 37 358 21  
284 21 359 37  
285 21 360 0  
286 21 361 0  
287 21 362 37  
288 0 363 0  
257 0 468 37  
258 0 469 0  
259 37 470 37  
260 0 471 37  
261 21 472 37  
262 21 473 0  
263 0 474 0  
264 37 475 37  
265 0 476 0  
266 37 477 21  
267 21 478 0  
268 37 479 21  
269 37 480 21  
270 37 449 21  
271 37 450 0  
272 0 451 0  
273 21 452 37  
274 37 453 0  
275 37 454 0  
276 37 455 37  
277 37 456 21  
278 37 457 0  
279 37 458 0  
280 21 459 37  
281 21 460 0  
282 37 461 37  
283 0 462 0  
284 37 463 0  
285 0 464 21  
286 37 465 0  
287 0 466 21  
288 37 467 21  
289 0 446 0  
290 0 447 37  
291 37 448 0  
292 37 417 21  
293 21 418 21  
294 21 419 21  
295 0 420 0  
296 0 421 0  
297 0 422 0  
298 37 423 37  
299 37 424 21  
300 21 425 0  
301 37 426 37  
302 0 427 21  
303 0 428 37  
304 21 429 37  
305 37 430 21  
306 37 431 37  
307 37 432 37  
308 21 433 37  
309 21 434 0  
310 21 435 0  
311 37 436 21  
312 21 437 37  
313 0 438 37  
314 0 439 21  
315 37 440 37  
316 0 441 21  
317 37 442 0  
318 37 443 37  
319 21 444 21  
320 21 445 0  
289 21 496 0  
290 21 497 0  
291 0 498 0  
292 0 499 37  
293 0 500 0  
294 37 501 37  
295 37 502 37  
296 21 503 21  
297 21 504 37  
298 21 505 37  
299 0 506 37  
300 0 507 0  
301 0 508 37  
302 37 509 21  
303 21 510 0  
304 37 511 21  
305 21 512 0  
306 21 481 0  
307 0 482 37  
308 0 483 0  
309 37 484 0  
310 0 485 37  
311 0 486 0  
312 37 487 21  
313 21 488 0  
314 21 489 37  
315 0 490 0  
316 37 491 21  
317 21 492 0  
318 21 493 0  
319 0 494 37  
320 0 495 0  
321 37 513 21  
322 37 514 0  
323 37 515 21  
324 37 516 21  
325 0 517 0  
326 21 518 0  
327 0 519 0  
328 0 520 21  
329 0 521 37  
330 37 522 0  
331 37 523 21  
332 37 524 0  
333 0 525 0  
334 0 526 37  
335 21 527 37  
336 0 528 0  
337 0 529 0  
338 0 530 0  
339 21 531 21  
340 21 532 21  
341 21 533 37  
342 0 534 37  
343 37 535 0  
344 37 536 21  
345 21 537 21  
346 21 538 37  
347 21 539 21  
348 21 540 37  
349 21 541 37  
350 37 542 21  
351 21 543 21  
352 21 544 37  
353 21 545 0  
354 0 546 37  
355 0 547 21  
356 0 548 37  
357 0 549 0  
358 0 550 21  
359 0 551 0  
360 37 552 21  
361 37 553 21  
362 21 554 37  
363 37 555 21  
364 21 556 21  
365 37 557 37  
366 37 558 37  
367 37 559 0  
368 21 560 21  
369 0 561 21  
370 0 562 0  
371 37 563 21  
372 21 564 0  
373 37 565 37  
374 21 566 37  
375 21 567 0  
376 0 568 0  
377 0 569 21  
378 37 570 21  
379 37 571 0  
380 21 572 21  
381 0 573 0  
382 0 574 0  
383 37 575 0  
384 0 576 37  
385 37 533 0  
386 21 534 0  
387 21 535 37  
388 0 536 0  
389 37 537 0  
390 37 538 21  
391 21 539 0  
392 0 540 21  
393 37 541 21  
394 21 542 0  
395 0 543 0  
396 0 544 0  
397 0 513 37  
398 37 514 37  
399 21 515 37  
400 21 516 37  
401 21 517 37  
402 0 518 37  
403 37 519 37  
404 0 520 0  
405 37 521 0  
406 0 522 37  
407 37 523 37  
408 21 524 37  
409 37 525 37  
410 21 526 0  
411 0 527 0  
412 21 528 21  
413 21 529 21  
414 0 530 21  
415 0 531 0  
416 37 532 0  
417 0 557 0  
418 37 558 0  
419 37 559 37  
420 21 560 37  
421 21 561 0  
422 21 562 37  
423 0 563 0  
424 0 564 21  
425 21 565 21  
426 0 566 0  
427 37 567 21  
428 21 568 21  
429 21 569 0  
430 0 570 37  
431 21 571 21  
432 21 572 37  
433 0 573 37  
434 21 574 21  
435 21 575 37  
436 37 576 21  
437 0 545 21  
438 0 546 21  
439 0 547 37  
440 0 548 21  
441 37 549 37  
442 21 550 37  
443 0 551 21  
444 0 552 0  
445 37 553 0  
446 37 554 0  
447 21 555 37  
448 21 556 37  
449 0 577 37  
450 37 578 21  
451 21 579 21  
452 21 580 0  
453 21 581 21  
454 21 582 21  
455 0 583 37  
456 0 584 37  
457 21 585 21  
458 37 586 0  
459 21 587 0  
460 37 588 21  
461 0 589 21  
462 21 590 0  
463 37 591 37  
464 0 592 37  
465 37 593 21  
466 37 594 37  
467 37 595 37  
468 0 596 37  
469 21 597 37  
470 0 598 0  
471 0 599 21  
472 21 600 0  
473 37 601 37  
474 21 602 21  
475 21 603 0  
476 37 604 0  
477 0 605 21  
478 21 606 21  
479 37 607 21  
480 0 608 0  
481 37 602 0  
482 21 603 37  
483 21 604 21  
484 21 605 0  
485 0 606 0  
486 21 607 37  
487 0 608 21  
488 21 577 21  
489 21 578 37  
490 37 579 0  
491 37 580 21  
492 37 581 0  
493 37 582 0  
494 21 583 0  
495 21 584 0  
496 21 585 37  
497 37 586 37  
498 37 587 37  
499 0 588 37  
500 37 589 0  
501 0 590 37  
502 0 591 21  
503 37 592 21  
504 21 593 37  
505 21 594 0  
506 21 595 0  
507 37 596 21  
508 0 597 21  
509 0 598 37  
510 21 599 37  
511 37 600 21  
512 21 601 21  
513 0 609 0  
514 21 610 37  
515 0 611 21  
516 0 612 21  
517 21 613 21  
518 21 614 21  
519 21 615 0  
520 37 616 21  
521 21 617 21  
522 21 618 21  
523 0 619 21  
524 21 620 0  
525 21 621 0  
526 21 622 0  
527 21 623 21  
528 37 624 21  
529 37 625 21  
530 37 626 21  
531 37 627 37  
532 37 628 21  
533 21 629 0  
534 21 630 37  
535 21 631 0  
536 37 632 0  
537 37 633 21  
538 0 634 37  
539 37 635 37  
540 0 636 0  
541 0 637 0  
542 37 638 37  
543 37 639 0  
544 21 640 0  
545 37 640 37  
546 0 609 37  
547 0 610 21  
548 0 611 37  
549 21 612 37  
550 0 613 37  
551 37 614 0  
552 37 615 37  
553 37 616 37  
554 21 617 0  
555 0 618 37  
556 0 619 37  
557 21 620 37  
558 21 621 37  
559 21 622 21  
560 0 623 0  
561 37 624 37  
562 21 625 0  
563 37 626 37  
564 37 627 21  
565 0 628 0  
566 21 629 37  
567 37 630 0  
568 37 631 21  
569 37 632 37  
570 0 633 37  
571 37 634 21  
572 0 635 21  
573 21 636 37  
574 37 637 21  
575 21 638 0  
576 0 639 37  
577 0 611 0  
578 0 612 0  
579 37 613 0  
580 37 614 37  
581 37 615 21  
582 37 616 0  
583 21 617 37  
584 21 618 0  
585 0 619 0  
586 21 620 21  
587 21 621 21  
588 0 622 37  
589 37 623 37  
590 21 624 0  
591 0 625 37  
592 0 626 0  
593 0 627 0  
594 21 628 37  
595 21 629 21  
596 0 630 21  
597 0 631 37  
598 21 632 21  
599 0 633 0  
600 37 634 0  
601 0 635 0  
602 37 636 21  
603 21 637 37  
604 37 638 21  
605 37 639 21  
606 37 640 21  
607 0 609 21  
608 37 610 0  
 
1 21 33 0 65 37  
2 21 34 37 66 0  
3 21 35 37 67 0  
4 21 36 37 68 0  
5 37 37 0 69 21  
6 0 38 21 70 37  
7 37 39 21 71 0  
8 37 40 0 72 21  
9 37 41 0 73 21  
10 21 42 37 74 0  
11 0 43 21 75 37  
12 0 44 21 76 37  
13 0 45 37 77 21  
14 21 46 0 78 37  
15 37 47 0 79 21  
16 0 48 37 80 21  
17 21 49 0 81 37  
18 37 50 0 82 21  
19 0 51 37 83 21  
20 0 52 21 84 37  
21 0 53 21 85 37  
22 37 54 21 86 0  
23 21 55 37 87 0  
24 21 56 37 88 0  
25 21 57 37 89 0  
26 37 58 0 90 21  
27 37 59 21 91 0  
28 0 60 37 92 21  
29 21 61 37 93 0  
30 0 62 37 94 21  
31 21 63 0 95 37  
32 0 64 21 96 37  
1 0 97 37 129 21  
2 37 98 21 130 0  
3 37 99 0 131 21  
4 0 100 21 132 37  
5 0 101 21 133 37  
6 0 102 21 134 37  
7 21 103 0 135 37  
8 37 104 0 136 21  
9 0 105 37 137 21  
10 37 106 0 138 21  
11 21 107 0 139 37  
12 37 108 21 140 0  
13 0 109 37 141 21  
14 21 110 0 142 37  
15 0 111 21 143 37  
16 21 112 0 144 37  
17 0 113 21 145 37  
18 0 114 21 146 37  
19 21 115 0 147 37  
20 37 116 0 148 21  
21 0 117 37 149 21  
22 37 118 21 150 0  
23 0 119 37 151 21  
24 37 120 21 152 0  
25 21 121 37 153 0  
26 21 122 0 154 37  
27 0 123 21 155 37  
28 0 124 21 156 37  
29 37 125 21 157 0  
30 37 126 0 158 21  
31 21 127 0 159 37  
32 21 128 37 160 0  
41 0 161 37 193 21  
42 21 162 0 194 37  
43 0 163 37 195 21  
44 21 164 37 196 0  
45 37 165 0 197 21  
46 0 166 21 198 37  
47 0 167 37 199 21  
48 37 168 0 200 21  
49 37 169 21 201 0  
50 21 170 0 202 37  
51 0 171 37 203 21  
52 37 172 21 204 0  
53 21 173 37 205 0  
54 21 174 37 206 0  
55 21 175 0 207 37  
56 0 176 37 208 21  
57 37 177 0 209 21  
58 0 178 37 210 21  
59 21 179 0 211 37  
60 0 180 21 212 37  
61 37 181 0 213 21  
62 0 182 37 214 21  
63 0 183 21 215 37  
64 0 184 37 216 21  
33 37 185 21 217 0  
34 0 186 37 218 21  
35 21 187 0 219 37  
36 37 188 21 220 0  
37 37 189 21 221 0  
38 0 190 21 222 37  
39 37 191 21 223 0  
40 0 192 37 224 21  
66 21 225 37 257 0  
67 21 226 37 258 0  
68 0 227 37 259 21  
69 21 228 37 260 0  
70 37 229 0 261 21  
71 37 230 21 262 0  
72 21 231 0 263 37  
73 37 232 0 264 21  
74 37 233 0 265 21  
75 0 234 37 266 21  
76 37 235 0 267 21  
77 21 236 0 268 37  
78 0 237 21 269 37  
79 21 238 37 270 0  
80 21 239 37 271 0  
81 0 240 21 272 37  
82 37 241 21 273 0  
83 0 242 21 274 37  
84 21 243 0 275 37  
85 37 244 21 276 0  
86 21 245 0 277 37  
87 37 246 21 278 0  
88 0 247 37 279 21  
89 0 248 21 280 37  
90 0 249 37 281 21  
91 0 250 37 282 21  
92 37 251 21 283 0  
93 21 252 37 284 0  
94 21 253 37 285 0  
95 0 254 37 286 21  
96 0 255 37 287 21  
65 0 256 21 288 37  
117 21 289 37 321 0  
118 21 290 0 322 37  
119 21 291 0 323 37  
120 21 292 0 324 37  
121 37 293 21 325 0  
122 0 294 21 326 37  
123 0 295 37 327 21  
124 37 296 21 328 0  
125 37 297 0 329 21  
126 0 298 37 330 21  
127 0 299 21 331 37  
128 0 300 37 332 21  
97 21 301 0 333 37  
98 0 302 37 334 21  
99 21 303 0 335 37  
100 37 304 21 336 0  
101 0 305 37 337 21  
102 21 306 0 338 37  
103 0 307 37 339 21  
104 37 308 21 340 0  
105 21 309 37 341 0  
106 0 310 37 342 21  
107 37 311 0 343 21  
108 37 312 0 344 21  
109 21 313 37 345 0  
110 37 314 21 346 0  
111 0 315 37 347 21  
112 0 316 21 348 37  
113 0 317 21 349 37  
114 0 318 21 350 37  
115 21 319 37 351 0  
116 0 320 21 352 37  
160 21 353 0 385 37  
129 37 354 21 386 0  
130 37 355 0 387 21  
131 21 356 0 388 37  
132 21 357 0 389 37  
133 21 358 37 390 0  
134 0 359 37 391 21  
135 37 360 0 392 21  
136 37 361 21 393 0  
137 21 362 0 394 37  
138 0 363 21 395 37  
139 0 364 21 396 37  
140 0 365 37 397 21  
141 0 366 37 398 21  
142 21 367 0 399 37  
143 0 368 37 400 21  
144 0 369 37 401 21  
145 21 370 0 402 37  
146 21 371 37 403 0  
147 0 372 37 404 21  
148 0 373 37 405 21  
149 0 374 37 406 21  
150 21 375 0 407 37  
151 0 376 37 408 21  
152 37 377 0 409 21  
153 21 378 0 410 37  
154 37 379 0 411 21  
155 37 380 0 412 21  
156 21 381 0 413 37  
157 37 382 0 414 21  
158 37 383 0 415 21  
159 0 384 21 416 37  
173 21 417 37 449 0  
174 21 418 0 450 37  
175 37 419 0 451 21  
176 37 420 21 452 0  
177 0 421 37 453 21  
178 21 422 0 454 37  
179 21 423 37 455 0  
180 0 424 21 456 37  
181 0 425 21 457 37  
182 37 426 0 458 21  
183 37 427 0 459 21  
184 0 428 21 460 37  
185 0 429 21 461 37  
186 0 430 21 462 37  
187 21 431 37 463 0  
188 21 432 0 464 37  
189 0 433 37 465 21  
190 0 434 37 466 21  
191 21 435 37 467 0  
192 0 436 21 468 37  
161 0 437 21 469 37  
162 21 438 0 470 37  
163 0 439 37 471 21  
164 21 440 0 472 37  
165 21 441 0 473 37  
166 0 442 37 474 21  
167 0 443 37 475 21  
168 21 444 37 476 0  
169 0 445 21 477 37  
170 21 446 0 478 37  
171 21 447 0 479 37  
172 0 448 21 480 37  
213 21 481 0 513 37  
214 37 482 0 514 21  
215 0 483 21 515 37  
216 0 484 21 516 37  
217 0 485 37 517 21  
218 21 486 0 518 37  
219 0 487 21 519 37  
220 37 488 0 520 21  
221 21 489 37 521 0  
222 0 490 21 522 37  
223 21 491 0 523 37  
224 37 492 21 524 0  
193 21 493 37 525 0  
194 0 494 21 526 37  
195 21 495 0 527 37  
196 37 496 21 528 0  
197 37 497 21 529 0  
198 0 498 37 530 21  
199 0 499 21 531 37  
200 21 500 0 532 37  
201 21 501 0 533 37  
202 0 502 37 534 21  
203 21 503 37 535 0  
204 0 504 21 536 37  
205 21 505 37 537 0  
206 0 506 37 538 21  
207 0 507 21 539 37  
208 0 508 37 540 21  
209 37 509 0 541 21  
210 0 510 21 542 37  
211 37 511 0 543 21  
212 21 512 0 544 37  
238 37 545 21 577 0  
239 21 546 37 578 0  
240 21 547 0 579 37  
241 37 548 21 580 0  
242 0 549 37 581 21  
243 0 550 37 582 21  
244 21 551 37 583 0  
245 0 552 21 584 37  
246 37 553 21 585 0  
247 21 554 0 586 37  
248 0 555 37 587 21  
249 0 556 21 588 37  
250 21 557 0 589 37  
251 0 558 21 590 37  
252 21 559 0 591 37  
253 21 560 37 592 0  
254 37 561 0 593 21  
255 21 562 0 594 37  
256 0 563 21 595 37  
225 0 564 21 596 37  
226 0 565 21 597 37  
227 0 566 21 598 37  
228 0 567 21 599 37  
229 0 568 37 600 21  
230 0 569 37 601 21  
231 0 570 21 602 37  
232 21 571 37 603 0  
233 0 572 21 604 37  
234 37 573 21 605 0  
235 0 574 21 606 37  
236 37 575 21 607 0  
237 21 576 0 608 37  
276 37 609 0 641 21  
277 37 610 0 642 21  
278 21 611 37 643 0  
279 21 612 37 644 0  
280 37 613 21 645 0  
281 0 614 21 646 37  
282 21 615 0 647 37  
283 37 616 0 648 21  
284 37 617 0 649 21  
285 0 618 37 650 21  
286 21 619 37 651 0  
287 37 620 21 652 0  
288 21 621 37 653 0  
257 21 622 0 654 37  
258 37 623 0 655 21  
259 0 624 21 656 37  
260 0 625 37 657 21  
261 0 626 37 658 21  
262 21 627 37 659 0  
263 37 628 21 660 0  
264 0 629 21 661 37  
265 37 630 21 662 0  
266 21 631 37 663 0  
267 0 632 21 664 37  
268 37 633 0 665 21  
269 37 634 0 666 21  
270 21 635 37 667 0  
271 21 636 0 668 37  
272 0 637 37 669 21  
273 0 638 37 670 21  
274 37 639 21 671 0  
275 37 640 21 672 0  
293 0 419 21 673 37  
294 0 420 21 674 37  
295 21 421 0 675 37  
296 0 422 21 676 37  
297 21 423 37 677 0  
298 37 424 0 678 21  
299 37 425 21 679 0  
300 21 426 37 680 0  
301 21 427 37 681 0  
302 0 428 21 682 37  
303 21 429 0 683 37  
304 0 430 21 684 37  
305 21 431 37 685 0  
306 37 432 21 686 0  
307 0 433 37 687 21  
308 21 434 37 688 0  
309 37 435 21 689 0  
310 21 436 37 690 0  
311 37 437 0 691 21  
312 37 438 0 692 21  
313 0 439 37 693 21  
314 21 440 37 694 0  
315 0 441 21 695 37  
316 21 442 0 696 37  
317 37 443 0 697 21  
318 37 444 0 698 21  
319 0 445 37 699 21  
320 0 446 37 700 21  
289 0 447 37 701 21  
290 21 448 0 702 37  
291 37 417 0 703 21  
292 0 418 37 704 21  
341 37 566 0 705 21  
342 21 567 37 706 0  
343 21 568 37 707 0  
344 37 569 21 708 0  
345 21 570 37 709 0  
346 37 571 21 710 0  
347 21 572 37 711 0  
348 21 573 0 712 37  
349 21 574 0 713 37  
350 0 575 37 714 21  
351 21 576 0 715 37  
352 37 545 0 716 21  
321 21 546 0 717 37  
322 0 547 21 718 37  
323 0 548 21 719 37  
324 0 549 37 720 21  
325 37 550 21 721 0  
326 37 551 21 722 0  
327 21 552 0 723 37  
328 0 553 37 724 21  
329 21 554 0 725 37  
330 0 555 37 726 21  
331 0 556 37 727 21  
332 37 557 21 728 0  
333 37 558 21 729 0  
334 0 559 21 730 37  
335 21 560 0 731 37  
336 37 561 0 732 21  
337 21 562 37 733 0  
338 37 563 21 734 0  
339 0 564 21 735 37  
340 21 565 37 736 0  
358 21 504 0 737 37  
359 0 505 37 738 21  
360 0 506 37 739 21  
361 21 507 37 740 0  
362 21 508 0 741 37  
363 21 509 0 742 37  
364 37 510 0 743 21  
365 21 511 37 744 0  
366 21 512 0 745 37  
367 37 481 0 746 21  
368 21 482 37 747 0  
369 21 483 37 748 0  
370 21 484 37 749 0  
371 0 485 21 750 37  
372 0 486 37 751 21  
373 0 487 37 752 21  
374 37 488 0 753 21  
375 21 489 37 754 0  
376 0 490 21 755 37  
377 37 491 21 756 0  
378 21 492 0 757 37  
379 37 493 21 758 0  
380 0 494 21 759 37  
381 0 495 37 760 21  
382 0 496 21 761 37  
383 37 497 0 762 21  
384 21 498 37 763 0  
353 0 499 37 764 21  
354 0 500 37 765 21  
355 37 501 21 766 0  
356 21 502 37 767 0  
357 0 503 21 768 37  
410 37 612 21 769 0  
411 0 613 21 770 37  
412 0 614 21 771 37  
413 37 615 0 772 21  
414 37 616 0 773 21  
415 37 617 0 774 21  
416 21 618 37 775 0  
385 37 619 21 776 0  
386 37 620 0 777 21  
387 21 621 37 778 0  
388 0 622 21 779 37  
389 0 623 37 780 21  
390 0 624 37 781 21  
391 37 625 21 782 0  
392 0 626 37 783 21  
393 0 627 37 784 21  
394 21 628 37 785 0  
395 37 629 0 786 21  
396 37 630 0 787 21  
397 0 631 21 788 37  
398 21 632 37 789 0  
399 21 633 37 790 0  
400 37 634 21 791 0  
401 21 635 37 792 0  
402 0 636 21 793 37  
403 37 637 0 794 21  
404 21 638 37 795 0  
405 37 639 21 796 0  
406 21 640 0 797 37  
407 21 609 0 798 37  
408 0 610 37 799 21  
409 37 611 0 800 21  
449 37 590 21 801 0  
450 21 591 0 802 37  
451 37 592 0 803 21  
452 0 593 37 804 21  
453 37 594 0 805 21  
454 37 595 0 806 21  
455 21 596 37 807 0  
456 37 597 21 808 0  
457 37 598 0 809 21  
458 21 599 0 810 37  
459 0 600 37 811 21  
460 21 601 0 812 37  
461 21 602 37 813 0  
462 37 603 0 814 21  
463 21 604 0 815 37  
464 37 605 21 816 0  
465 21 606 0 817 37  
466 0 607 21 818 37  
467 0 608 21 819 37  
468 21 577 37 820 0  
469 37 578 0 821 21  
470 21 579 37 822 0  
471 21 580 37 823 0  
472 0 581 37 824 21  
473 21 582 0 825 37  
474 37 583 0 826 21  
475 0 584 37 827 21  
476 21 585 0 828 37  
477 37 586 21 829 0  
478 37 587 0 830 21  
479 0 588 21 831 37  
480 37 589 21 832 0  
533 21 658 0 833 37  
534 0 659 37 834 21  
535 37 660 0 835 21  
536 37 661 0 836 21  
537 21 662 37 837 0  
538 37 663 0 838 21  
539 37 664 21 839 0  
540 37 665 0 840 21  
541 0 666 37 841 21  
542 21 667 0 842 37  
543 0 668 21 843 37  
544 21 669 0 844 37  
513 21 670 0 845 37  
514 0 671 37 846 21  
515 37 672 0 847 21  
516 37 641 0 848 21  
517 21 642 0 849 37  
518 21 643 0 850 37  
519 21 644 37 851 0  
520 21 645 0 852 37  
521 21 646 37 853 0  
522 21 647 37 854 0  
523 0 648 21 855 37  
524 0 649 37 856 21  
525 0 650 37 857 21  
526 0 651 37 858 21  
527 21 652 0 859 37  
528 21 653 37 860 0  
529 37 654 21 861 0  
530 37 655 0 862 21  
531 0 656 21 863 37  
532 37 657 0 864 21  
673 21 749 37 865 0  
674 0 750 37 866 21  
675 21 751 37 867 0  
676 21 752 37 868 0  
677 0 753 37 869 21  
678 0 754 37 870 21  
679 0 755 37 871 21  
680 21 756 0 872 37  
681 37 757 0 873 21  
682 0 758 37 874 21  
683 21 759 37 875 0  
684 0 760 37 876 21  
685 0 761 37 877 21  
686 37 762 0 878 21  
687 37 763 0 879 21  
688 0 764 21 880 37  
689 0 765 21 881 37  
690 0 766 21 882 37  
691 21 767 0 883 37  
692 21 768 0 884 37  
693 37 737 0 885 21  
694 37 738 0 886 21  
695 0 739 37 887 21  
696 21 740 0 888 37  
697 21 741 0 889 37  
698 37 742 21 890 0  
699 21 743 0 891 37  
700 37 744 21 892 0  
701 37 745 21 893 0  
702 21 746 0 894 37  
703 21 747 0 895 37  
704 37 748 0 896 21  
705 0 789 21 897 37  
706 37 790 21 898 0  
707 21 791 37 899 0  
708 37 792 21 900 0  
709 0 793 37 901 21  
710 21 794 37 902 0  
711 0 795 21 903 37  
712 21 796 0 904 37  
713 21 797 0 905 37  
714 37 798 0 906 21  
715 21 799 37 907 0  
716 21 800 37 908 0  
717 37 769 0 909 21  
718 37 770 0 910 21  
719 0 771 37 911 21  
720 21 772 37 912 0  
721 21 773 0 913 37  
722 0 774 37 914 21  
723 21 775 0 915 37  
724 0 776 21 916 37  
725 37 777 21 917 0  
726 37 778 0 918 21  
727 0 779 21 919 37  
728 0 780 21 920 37  
729 21 781 0 921 37  
730 21 782 37 922 0  
731 0 783 21 923 37  
732 21 784 37 924 0  
733 0 785 37 925 21  
734 0 786 21 926 37  
735 0 787 37 927 21  
736 37 788 21 928 0  
801 37 840 21 929 0  
802 21 841 37 930 0  
803 21 842 0 931 37  
804 0 843 21 932 37  
805 21 844 0 933 37  
806 21 845 0 934 37  
807 37 846 0 935 21  
808 37 847 0 936 21  
809 21 848 37 937 0  
810 0 849 37 938 21  
811 0 850 37 939 21  
812 21 851 37 940 0  
813 21 852 0 941 37  
814 0 853 37 942 21  
815 37 854 21 943 0  
816 37 855 21 944 0  
817 21 856 37 945 0  
818 37 857 0 946 21  
819 37 858 0 947 21  
820 37 859 21 948 0  
821 37 860 21 949 0  
822 0 861 37 950 21  
823 21 862 37 951 0  
824 0 863 21 952 37  
825 37 864 21 953 0  
826 21 833 0 954 37  
827 0 834 37 955 21  
828 0 835 21 956 37  
829 21 836 0 957 37  
830 21 837 0 958 37  
831 21 838 37 959 0  
832 0 839 21 960 37  
865 0 898 37 959 21  
866 37 899 21 960 0  
867 21 900 37 929 0  
868 21 901 37 930 0  
869 21 902 37 931 0  
870 21 903 0 932 37  
871 0 904 37 933 21  
872 21 905 37 934 0  
873 21 906 0 935 37  
874 21 907 37 936 0  
875 21 908 37 937 0  
876 0 909 37 938 21  
877 0 910 37 939 21  
878 0 911 21 940 37  
879 21 912 0 941 37  
880 21 913 37 942 0  
881 21 914 0 943 37  
882 21 915 37 944 0  
883 37 916 21 945 0  
884 21 917 0 946 37  
885 0 918 37 947 21  
886 37 919 0 948 21  
887 0 920 21 949 37  
888 0 921 37 950 21  
889 21 922 37 951 0  
890 37 923 21 952 0  
891 37 924 21 953 0  
892 0 925 37 954 21  
893 0 926 21 955 37  
894 37 927 0 956 21  
895 0 928 37 957 21  
896 0 897 37 958 21  
