200 100 64 
 2 2 2 2 2 2 2 2 2 2 2 2 2 2 2 2 2 2 2 2 2 2 2 2 2 2 2 2 2 2 2 2 2 2 2 2 2 2 2 2 2 2 2 2 2 2 2 2 2 2 2 2 2 2 2 2 2 2 2 2 2 2 2 2 2 2 2 2 2 2 2 2 2 2 2 2 2 2 2 2 2 2 2 2 2 2 2 2 2 2 2 2 2 2 2 2 2 2 2 2 2 2 2 2 2 2 2 2 2 2 2 2 2 2 2 2 2 2 2 2 2 2 2 2 2 2 2 2 2 2 2 2 2 2 2 2 2 2 2 2 2 2 2 2 2 2 2 2 2 2 2 2 2 2 2 2 2 2 2 2 2 2 2 2 2 2 2 2 2 2 2 2 2 2 2 2 2 2 2 2 2 2 2 2 2 2 2 2 2 2 2 2 2 2 2 2 2 2 2 2  
 4 4 4 4 4 4 4 4 4 4 4 4 4 4 4 4 4 4 4 4 4 4 4 4 4 4 4 4 4 4 4 4 4 4 4 4 4 4 4 4 4 4 4 4 4 4 4 4 4 4 4 4 4 4 4 4 4 4 4 4 4 4 4 4 4 4 4 4 4 4 4 4 4 4 4 4 4 4 4 4 4 4 4 4 4 4 4 4 4 4 4 4 4 4 4 4 4 4 4 4  
 12 34 63 12 103 50 151 59  
 5 0 91 43 132 52 178 23  
 14 14 58 5 136 0 199 44  
 7 29 59 23 107 0 159 43  
 11 23 62 0 102 43 150 29  
 18 32 99 41 152 13 188 23  
 22 29 84 23 120 0 154 43  
 41 0 54 44 133 14 160 5  
 35 23 70 0 126 43 163 52  
 24 43 82 52 118 23 156 0  
 35 0 83 43 131 52 183 23  
 3 44 55 14 103 5 155 0  
 37 34 85 12 121 17 170 59  
 29 5 77 0 125 44 177 14  
 30 0 86 43 113 29 166 23  
 26 29 67 23 122 0 175 43  
 36 0 71 43 127 29 164 23  
 36 29 84 23 132 0 184 43  
 34 34 82 45 130 55 182 14  
 31 43 79 29 127 23 179 0  
 2 0 49 43 144 52 199 23  
 42 44 100 14 148 5 196 0  
 38 50 92 59 140 34 188 12  
 17 43 98 52 151 23 187 0  
 39 23 89 0 137 43 185 29  
 10 0 61 43 101 52 149 23  
 48 0 96 44 139 14 192 5  
 25 43 66 52 121 23 174 0  
 9 23 61 0 109 43 161 29  
 40 23 88 0 124 43 169 52  
 47 32 95 41 138 13 191 23  
 32 23 88 0 115 43 168 52  
 20 0 97 44 150 14 186 5  
 24 23 76 0 120 43 176 29  
 25 29 94 23 112 0 183 43  
 2 26 54 27 102 29 154 30  
 19 29 71 23 115 0 171 43  
 26 44 95 14 109 5 184 0  
 37 52 91 23 139 0 187 43  
 46 43 94 52 137 23 190 0  
 38 0 86 43 122 29 171 23  
 33 37 81 22 129 21 181 6  
 11 52 63 23 111 0 163 43  
 42 4 55 32 134 41 157 13  
 10 5 62 0 110 44 162 14  
 41 0 99 43 147 29 195 23  
 32 5 80 0 128 44 180 14  
 6 28 92 27 129 29 179 30  
 12 43 64 29 112 23 164 0  
 48 23 75 0 142 43 190 29  
 1 0 52 44 143 14 198 5  
 52 34 80 45 147 55 196 14  
 7 23 89 0 130 43 180 29  
 45 44 93 14 140 5 189 0  
 16 23 68 0 106 43 168 52  
 15 44 67 14 105 5 167 0  
 3 0 50 43 141 29 200 23  
 17 41 69 35 113 11 169 56  
 43 0 97 44 145 14 193 5  
 21 0 73 43 117 29 173 23  
 47 52 74 23 141 0 189 43  
 27 0 68 44 123 14 176 5  
 40 29 90 0 138 43 186 6  
 34 23 69 0 125 43 162 52  
 28 52 65 23 124 0 173 43  
 4 0 51 43 142 29 197 23  
 1 43 53 52 101 23 153 0  
 20 5 72 0 116 44 172 14  
 21 53 83 6 119 37 153 22  
 27 52 96 23 110 0 181 43  
 19 43 100 29 149 23 185 0  
 4 0 56 43 104 52 156 23  
 31 5 87 0 114 44 167 14  
 33 37 72 48 128 10 161 16  
 50 0 78 43 145 52 194 23  
 23 44 81 14 117 5 155 0  
 45 5 76 0 143 44 191 14  
 8 0 90 44 131 14 177 5  
 5 16 57 37 105 48 157 10  
 51 29 79 23 146 0 195 43  
 8 0 60 44 108 14 160 5  
 13 56 65 24 107 8 165 40  
 15 5 59 0 133 44 200 14  
 9 0 64 44 104 14 152 5  
 18 52 70 23 114 0 170 43  
 14 23 66 0 108 43 166 29  
 30 25 78 21 126 13 178 1  
 22 5 74 0 118 44 174 14  
 13 29 57 23 135 0 198 43  
 29 43 85 29 116 23 165 0  
 49 40 77 15 148 28 193 50  
 44 0 53 44 136 14 159 5  
 16 23 60 0 134 43 197 52  
 39 0 87 44 123 14 172 5  
 46 43 73 52 144 23 192 0  
 6 0 58 43 106 52 158 23  
 23 41 75 46 119 36 175 31  
 44 23 98 0 146 43 194 52  
 43 43 56 29 135 23 158 0  
 28 52 93 23 111 0 182 43  
 