240 160 64 
 2 2 2 2 2 2 2 2 2 2 2 2 2 2 2 2 2 2 2 2 2 2 2 2 2 2 2 2 2 2 2 2 2 2 2 2 2 2 2 2 2 2 2 2 2 2 2 2 2 2 2 2 2 2 2 2 2 2 2 2 2 2 2 2 2 2 2 2 2 2 2 2 2 2 2 2 2 2 2 2 2 2 2 2 2 2 2 2 2 2 2 2 2 2 2 2 2 2 2 2 2 2 2 2 2 2 2 2 2 2 2 2 2 2 2 2 2 2 2 2 2 2 2 2 2 2 2 2 2 2 2 2 2 2 2 2 2 2 2 2 2 2 2 2 2 2 2 2 2 2 2 2 2 2 2 2 2 2 2 2 2 2 2 2 2 2 2 2 2 2 2 2 2 2 2 2 2 2 2 2 2 2 2 2 2 2 2 2 2 2 2 2 2 2 2 2 2 2 2 2 2 2 2 2 2 2 2 2 2 2 2 2 2 2 2 2 2 2 2 2 2 2 2 2 2 2 2 2 2 2 2 2 2 2 2 2 2 2 2 2  
 3 3 3 3 3 3 3 3 3 3 3 3 3 3 3 3 3 3 3 3 3 3 3 3 3 3 3 3 3 3 3 3 3 3 3 3 3 3 3 3 3 3 3 3 3 3 3 3 3 3 3 3 3 3 3 3 3 3 3 3 3 3 3 3 3 3 3 3 3 3 3 3 3 3 3 3 3 3 3 3 3 3 3 3 3 3 3 3 3 3 3 3 3 3 3 3 3 3 3 3 3 3 3 3 3 3 3 3 3 3 3 3 3 3 3 3 3 3 3 3 3 3 3 3 3 3 3 3 3 3 3 3 3 3 3 3 3 3 3 3 3 3 3 3 3 3 3 3 3 3 3 3 3 3 3 3 3 3 3 3  
 1 0 21 21 41 37  
 2 0 22 21 42 37  
 3 0 23 21 43 37  
 4 0 24 21 44 37  
 5 0 25 21 45 37  
 6 0 26 21 46 37  
 7 0 27 21 47 37  
 8 0 28 21 48 37  
 9 0 29 21 49 37  
 10 0 30 21 50 37  
 11 0 31 21 51 37  
 12 0 32 21 52 37  
 13 0 33 21 53 37  
 14 0 34 21 54 37  
 15 0 35 21 55 37  
 16 0 36 21 56 37  
 17 0 37 21 57 37  
 18 0 38 21 58 37  
 19 0 39 21 59 37  
 20 0 40 21 60 37  
 1 21 61 37 81 0  
 4 21 62 37 82 0  
 7 21 63 37 83 0  
 10 21 64 37 84 0  
 13 21 65 37 85 0  
 16 21 66 37 86 0  
 19 21 67 37 87 0  
 2 21 68 37 88 0  
 5 21 69 37 89 0  
 8 21 70 37 90 0  
 11 21 71 37 91 0  
 14 21 72 37 92 0  
 17 21 73 37 93 0  
 20 21 74 37 94 0  
 3 21 75 37 95 0  
 6 21 76 37 96 0  
 9 21 77 37 97 0  
 12 21 78 37 98 0  
 15 21 79 37 99 0  
 18 21 80 37 100 0  
 63 0 101 37 121 21  
 62 0 102 37 122 21  
 61 0 103 37 123 21  
 80 0 104 37 124 21  
 79 0 105 37 125 21  
 78 0 106 37 126 21  
 77 0 107 37 127 21  
 76 0 108 37 128 21  
 75 0 109 37 129 21  
 74 0 110 37 130 21  
 73 0 111 37 131 21  
 72 0 112 37 132 21  
 71 0 113 37 133 21  
 70 0 114 37 134 21  
 69 0 115 37 135 21  
 68 0 116 37 136 21  
 67 0 117 37 137 21  
 66 0 118 37 138 21  
 65 0 119 37 139 21  
 64 0 120 37 140 21  
 21 37 141 0 161 21  
 24 37 142 0 162 21  
 27 37 143 0 163 21  
 30 37 144 0 164 21  
 33 37 145 0 165 21  
 36 37 146 0 166 21  
 39 37 147 0 167 21  
 22 37 148 0 168 21  
 25 37 149 0 169 21  
 28 37 150 0 170 21  
 31 37 151 0 171 21  
 34 37 152 0 172 21  
 37 37 153 0 173 21  
 40 37 154 0 174 21  
 23 37 155 0 175 21  
 26 37 156 0 176 21  
 29 37 157 0 177 21  
 32 37 158 0 178 21  
 35 37 159 0 179 21  
 38 37 160 0 180 21  
 88 21 157 37 181 0  
 91 21 150 37 182 0  
 94 21 143 37 183 0  
 97 21 156 37 184 0  
 100 21 149 37 185 0  
 83 21 142 37 186 0  
 86 21 155 37 187 0  
 89 21 148 37 188 0  
 92 21 141 37 189 0  
 95 21 154 37 190 0  
 98 21 147 37 191 0  
 81 21 160 37 192 0  
 84 21 153 37 193 0  
 87 21 146 37 194 0  
 90 21 159 37 195 0  
 93 21 152 37 196 0  
 96 21 145 37 197 0  
 99 21 158 37 198 0  
 82 21 151 37 199 0  
 85 21 144 37 200 0  
 161 0 201 21 221 37  
 178 0 202 21 222 37  
 175 0 203 21 223 37  
 172 0 204 21 224 37  
 169 0 205 21 225 37  
 166 0 206 21 226 37  
 163 0 207 21 227 37  
 180 0 208 21 228 37  
 177 0 209 21 229 37  
 174 0 210 21 230 37  
 171 0 211 21 231 37  
 168 0 212 21 232 37  
 165 0 213 21 233 37  
 162 0 214 21 234 37  
 179 0 215 21 235 37  
 176 0 216 21 236 37  
 173 0 217 21 237 37  
 170 0 218 21 238 37  
 167 0 219 21 239 37  
 164 0 220 21 240 37  
 103 0 183 21 218 37  
 114 0 186 21 205 37  
 105 0 189 21 212 37  
 116 0 192 21 219 37  
 107 0 195 21 206 37  
 118 0 198 21 213 37  
 109 0 181 21 220 37  
 120 0 184 21 207 37  
 111 0 187 21 214 37  
 102 0 190 21 201 37  
 113 0 193 21 208 37  
 104 0 196 21 215 37  
 115 0 199 21 202 37  
 106 0 182 21 209 37  
 117 0 185 21 216 37  
 108 0 188 21 203 37  
 119 0 191 21 210 37  
 110 0 194 21 217 37  
 101 0 197 21 204 37  
 112 0 200 21 211 37  
 53 0 123 37 234 21  
 50 0 134 37 221 21  
 47 0 125 37 228 21  
 44 0 136 37 235 21  
 41 0 127 37 222 21  
 58 0 138 37 229 21  
 55 0 129 37 236 21  
 52 0 140 37 223 21  
 49 0 131 37 230 21  
 46 0 122 37 237 21  
 43 0 133 37 224 21  
 60 0 124 37 231 21  
 57 0 135 37 238 21  
 54 0 126 37 225 21  
 51 0 137 37 232 21  
 48 0 128 37 239 21  
 45 0 139 37 226 21  
 42 0 130 37 233 21  
 59 0 121 37 240 21  
 56 0 132 37 227 21  
 