240 80 64 
2 2 2 2 2 2 2 2 2 2 2 2 2 2 2 2 2 2 2 2 2 2 2 2 2 2 2 2 2 2 2 2 2 2 2 2 2 2 2 2 2 2 2 2 2 2 2 2 2 2 2 2 2 2 2 2 2 2 2 2 2 2 2 2 2 2 2 2 2 2 2 2 2 2 2 2 2 2 2 2 2 2 2 2 2 2 2 2 2 2 2 2 2 2 2 2 2 2 2 2 2 2 2 2 2 2 2 2 2 2 2 2 2 2 2 2 2 2 2 2 2 2 2 2 2 2 2 2 2 2 2 2 2 2 2 2 2 2 2 2 2 2 2 2 2 2 2 2 2 2 2 2 2 2 2 2 2 2 2 2 2 2 2 2 2 2 2 2 2 2 2 2 2 2 2 2 2 2 2 2 2 2 2 2 2 2 2 2 2 2 2 2 2 2 2 2 2 2 2 2 2 2 2 2 2 2 2 2 2 2 2 2 2 2 2 2 2 2 2 2 2 2 2 2 2 2 2 2 2 2 2 2 2 2 2 2 2 2 2 2 
6 6 6 6 6 6 6 6 6 6 6 6 6 6 6 6 6 6 6 6 6 6 6 6 6 6 6 6 6 6 6 6 6 6 6 6 6 6 6 6 6 6 6 6 6 6 6 6 6 6 6 6 6 6 6 6 6 6 6 6 6 6 6 6 6 6 6 6 6 6 6 6 6 6 6 6 6 6 6 6 
1 0 41 6 81 13 121 20 161 46 201 55  
2 0 42 6 82 13 122 20 162 46 202 55  
3 0 43 6 83 13 123 20 163 46 203 55  
4 6 44 13 84 0 124 20 164 46 204 55  
5 6 45 13 85 0 125 20 165 46 205 55  
6 6 46 13 86 0 126 20 166 46 206 55  
7 6 47 13 87 0 127 20 167 46 207 55  
8 6 48 13 88 20 128 0 168 46 208 55  
9 6 49 13 89 20 129 0 169 46 209 55  
10 6 50 13 90 20 130 0 170 46 210 55  
11 6 51 13 91 20 131 0 171 46 211 55  
12 6 52 13 92 20 132 0 172 46 212 55  
13 6 53 13 93 20 133 0 173 46 213 55  
14 6 54 13 94 20 134 0 174 46 214 55  
15 6 55 13 95 20 135 0 175 46 215 55  
16 6 56 13 96 20 136 0 176 46 216 55  
17 6 57 13 97 20 137 0 177 46 217 55  
18 6 58 13 98 20 138 46 178 0 218 55  
19 6 59 13 99 20 139 46 179 0 219 55  
20 6 60 13 100 20 140 46 180 0 220 55  
21 6 61 13 101 20 141 46 181 0 221 55  
22 6 62 13 102 20 142 46 182 0 222 55  
23 6 63 13 103 20 143 46 183 0 223 55  
24 6 64 13 104 20 144 46 184 0 224 55  
25 6 65 13 105 20 145 46 185 0 225 55  
26 6 66 13 106 20 146 46 186 0 226 55  
27 6 67 13 107 20 147 46 187 0 227 55  
28 6 68 13 108 20 148 46 188 0 228 55  
29 6 69 13 109 20 149 46 189 55 229 0  
30 6 70 13 110 20 150 46 190 55 230 0  
31 6 71 13 111 20 151 46 191 55 231 0  
32 6 72 13 112 20 152 46 192 55 232 0  
33 6 73 13 113 20 153 46 193 55 233 0  
34 6 74 13 114 20 154 46 194 55 234 0  
35 6 75 13 115 20 155 46 195 55 235 0  
36 6 76 13 116 20 156 46 196 55 236 0  
37 6 77 13 117 20 157 46 197 55 237 0  
38 6 78 13 118 20 158 46 198 55 238 0  
39 6 79 13 119 20 159 46 199 55 239 0  
40 6 80 13 120 20 160 46 200 55 240 0  
1 6 42 0 84 13 128 20 178 46 229 55  
2 6 43 0 85 13 129 20 179 46 230 55  
3 6 44 0 86 13 130 20 180 46 231 55  
4 0 45 6 87 13 131 20 181 46 232 55  
5 0 46 6 88 13 132 20 182 46 233 55  
6 0 47 6 89 13 133 20 183 46 234 55  
7 0 48 6 90 13 134 20 184 46 235 55  
8 0 49 20 91 6 135 13 185 46 236 55  
9 0 50 20 92 6 136 13 186 46 237 55  
10 0 51 6 93 13 137 20 187 46 238 55  
11 0 52 46 94 6 138 13 188 20 239 55  
12 0 53 20 95 13 139 6 189 46 240 55  
13 0 54 20 96 13 140 55 190 6 201 46  
14 0 55 6 97 46 141 55 191 13 202 20  
15 0 56 6 98 13 142 55 192 20 203 46  
16 0 57 46 99 6 143 55 193 20 204 13  
17 0 58 55 100 13 144 20 194 46 205 6  
18 0 59 55 101 13 145 6 195 20 206 46  
19 0 60 20 102 55 146 6 196 46 207 13  
20 0 61 46 103 55 147 6 197 20 208 13  
21 0 62 20 104 13 148 55 198 46 209 6  
22 13 63 55 105 0 149 20 199 46 210 6  
23 0 64 55 106 46 150 13 200 20 211 6  
24 0 65 20 107 46 151 6 161 55 212 13  
25 0 66 6 108 46 152 13 162 55 213 20  
26 0 67 46 109 13 153 20 163 55 214 6  
27 0 68 46 110 13 154 6 164 55 215 20  
28 0 69 46 111 13 155 20 165 55 216 6  
29 0 70 20 112 6 156 13 166 55 217 46  
30 0 71 20 113 55 157 13 167 6 218 46  
31 0 72 6 114 13 158 55 168 20 219 46  
32 13 73 6 115 0 159 55 169 20 220 46  
33 0 74 20 116 46 160 13 170 55 221 6  
34 13 75 55 117 6 121 46 171 0 222 20  
35 0 76 20 118 6 122 46 172 55 223 13  
36 0 77 46 119 55 123 13 173 6 224 20  
37 20 78 46 120 0 124 55 174 6 225 13  
38 13 79 0 81 20 125 46 175 55 226 6  
39 46 80 0 82 55 126 6 176 20 227 13  
40 46 41 13 83 55 127 6 177 0 228 20  