252 84 64 
2 2 2 2 2 2 2 2 2 2 2 2 2 2 2 2 2 2 2 2 2 2 2 2 2 2 2 2 2 2 2 2 2 2 2 2 2 2 2 2 2 2 2 2 2 2 2 2 2 2 2 2 2 2 2 2 2 2 2 2 2 2 2 2 2 2 2 2 2 2 2 2 2 2 2 2 2 2 2 2 2 2 2 2 2 2 2 2 2 2 2 2 2 2 2 2 2 2 2 2 2 2 2 2 2 2 2 2 2 2 2 2 2 2 2 2 2 2 2 2 2 2 2 2 2 2 2 2 2 2 2 2 2 2 2 2 2 2 2 2 2 2 2 2 2 2 2 2 2 2 2 2 2 2 2 2 2 2 2 2 2 2 2 2 2 2 2 2 2 2 2 2 2 2 2 2 2 2 2 2 2 2 2 2 2 2 2 2 2 2 2 2 2 2 2 2 2 2 2 2 2 2 2 2 2 2 2 2 2 2 2 2 2 2 2 2 2 2 2 2 2 2 2 2 2 2 2 2 2 2 2 2 2 2 2 2 2 2 2 2 2 2 2 2 2 2 2 2 2 2 2 2 
6 6 6 6 6 6 6 6 6 6 6 6 6 6 6 6 6 6 6 6 6 6 6 6 6 6 6 6 6 6 6 6 6 6 6 6 6 6 6 6 6 6 6 6 6 6 6 6 6 6 6 6 6 6 6 6 6 6 6 6 6 6 6 6 6 6 6 6 6 6 6 6 6 6 6 6 6 6 6 6 6 6 6 6 
1 0 43 6 85 13 127 20 169 46 211 55  
2 0 44 6 86 13 128 20 170 46 212 55  
3 0 45 6 87 13 129 20 171 46 213 55  
4 0 46 6 88 13 130 20 172 46 214 55  
5 0 47 6 89 13 131 20 173 46 215 55  
6 6 48 13 90 20 132 46 174 55 216 0  
7 6 49 13 91 20 133 46 175 55 217 0  
8 0 50 6 92 13 134 20 176 46 218 55  
9 6 51 0 93 13 135 20 177 46 219 55  
10 6 52 0 94 13 136 20 178 46 220 55  
11 6 53 0 95 13 137 20 179 46 221 55  
12 6 54 0 96 13 138 20 180 46 222 55  
13 6 55 0 97 13 139 20 181 46 223 55  
14 6 56 0 98 13 140 20 182 46 224 55  
15 6 57 13 99 0 141 20 183 46 225 55  
16 0 58 6 100 13 142 20 184 46 226 55  
17 6 59 13 101 0 143 20 185 46 227 55  
18 6 60 13 102 0 144 20 186 46 228 55  
19 6 61 13 103 0 145 20 187 46 229 55  
20 6 62 13 104 0 146 20 188 46 230 55  
21 6 63 13 105 0 147 20 189 46 231 55  
22 6 64 13 106 20 148 0 190 46 232 55  
23 6 65 13 107 20 149 0 191 46 233 55  
24 6 66 13 108 0 150 20 192 46 234 55  
25 6 67 13 109 20 151 0 193 46 235 55  
26 6 68 13 110 20 152 0 194 46 236 55  
27 6 69 13 111 20 153 0 195 46 237 55  
28 6 70 13 112 20 154 0 196 46 238 55  
29 6 71 13 113 20 155 46 197 0 239 55  
30 6 72 13 114 20 156 46 198 0 240 55  
31 6 73 13 115 20 157 46 199 0 241 55  
32 6 74 13 116 20 158 0 200 46 242 55  
33 6 75 13 117 20 159 46 201 0 243 55  
34 6 76 13 118 20 160 46 202 0 244 55  
35 6 77 13 119 20 161 46 203 0 245 55  
36 6 78 13 120 20 162 46 204 55 246 0  
37 6 79 13 121 20 163 46 205 55 247 0  
38 6 80 13 122 20 164 46 206 55 248 0  
39 6 81 13 123 20 165 46 207 55 249 0  
40 6 82 13 124 20 166 46 208 0 250 55  
41 6 83 13 125 20 167 46 209 55 251 0  
42 6 84 13 126 20 168 46 210 55 252 0  
1 6 50 0 99 13 148 20 197 46 246 55  
2 6 51 13 100 0 149 20 198 46 247 55  
3 6 52 13 101 20 150 0 199 46 248 55  
4 6 53 13 102 20 151 46 200 0 249 55  
5 6 54 13 103 20 152 46 201 55 250 0  
6 0 55 6 104 13 153 20 202 46 251 55  
7 0 56 6 105 13 154 20 203 46 252 55  
8 6 58 0 108 13 158 20 208 46 216 55  
9 0 59 6 109 13 159 20 209 46 217 55  
10 0 60 6 110 13 160 55 210 20 211 46  
11 0 61 6 111 13 161 55 204 20 212 46  
12 0 62 6 112 13 155 55 205 20 213 46  
13 0 63 6 106 13 156 55 206 20 214 46  
14 0 57 6 107 13 157 55 207 20 215 46  
15 0 66 6 117 13 168 20 170 55 223 46  
16 6 67 0 118 46 162 20 171 55 224 13  
17 0 68 6 119 13 163 55 172 20 218 46  
18 0 69 6 113 46 164 13 173 55 219 20  
19 0 70 55 114 46 165 13 174 6 220 20  
20 0 64 6 115 13 166 55 175 20 221 46  
21 0 65 6 116 13 167 55 169 20 222 46  
22 0 74 46 126 13 129 55 177 20 229 6  
23 0 75 20 120 55 130 46 178 13 230 6  
24 0 76 6 121 55 131 46 179 13 231 20  
25 0 77 20 122 46 132 6 180 55 225 13  
26 0 71 6 123 46 133 55 181 13 226 20  
27 0 72 6 124 46 127 55 182 20 227 13  
28 0 73 20 125 46 128 55 176 13 228 6  
29 0 82 46 86 20 136 55 189 6 235 13  
30 0 83 20 87 46 137 13 183 55 236 6  
31 0 84 20 88 6 138 46 184 55 237 13  
32 0 78 55 89 20 139 46 185 13 238 6  
33 0 79 20 90 46 140 55 186 6 232 13  
34 0 80 6 91 55 134 13 187 20 233 46  
35 0 81 55 85 6 135 13 188 20 234 46  
36 0 48 6 93 55 147 13 194 20 241 46  
37 0 49 55 94 20 141 6 195 13 242 46  
38 0 43 20 95 46 142 6 196 55 243 13  
39 20 44 55 96 0 143 46 190 6 244 13  
40 0 45 20 97 46 144 55 191 13 245 6  
41 0 46 20 98 46 145 55 192 6 239 13  
42 20 47 46 92 0 146 55 193 6 240 13  