36 12 64 
2 2 2 2 2 2 2 2 2 2 2 2 2 2 2 2 2 2 2 2 2 2 2 2 2 2 2 2 2 2 2 2 2 2 2 2 
6 6 6 6 6 6 6 6 6 6 6 6 
1 0 7 6 13 13 19 20 25 46 31 55  
2 0 8 6 14 13 20 20 26 46 32 55  
3 6 9 13 15 0 21 20 27 46 33 55  
4 6 10 13 16 20 22 0 28 46 34 55  
5 6 11 13 17 20 23 46 29 0 35 55  
6 6 12 13 18 20 24 46 30 55 36 0  
1 6 8 0 15 13 22 20 29 46 36 55  
2 6 9 0 16 13 23 55 30 46 31 20  
3 0 10 6 17 13 24 20 25 55 32 46  
4 0 11 6 18 13 19 55 26 20 33 46  
5 0 12 6 13 46 20 13 27 55 34 20  
6 0 7 13 14 46 21 55 28 20 35 6 