384 192 64

2 2 2 2 2 2 2 2 2 2 2 2 2 2 2 2 2 2 2 2 2 2 2 2 2 2 2 2 2 2 2 2 2 2 2 2 2 2 2 2 2 2 2 2 2 2 2 2 2 2 2 2 2 2 2 2 2 2 2 2 2 2 2 2 2 2 2 2 2 2 2 2 2 2 2 2 2 2 2 2 2 2 2 2 2 2 2 2 2 2 2 2 2 2 2 2 2 2 2 2 2 2 2 2 2 2 2 2 2 2 2 2 2 2 2 2 2 2 2 2 2 2 2 2 2 2 2 2 2 2 2 2 2 2 2 2 2 2 2 2 2 2 2 2 2 2 2 2 2 2 2 2 2 2 2 2 2 2 2 2 2 2 2 2 2 2 2 2 2 2 2 2 2 2 2 2 2 2 2 2 2 2 2 2 2 2 2 2 2 2 2 2 2 2 2 2 2 2 2 2 2 2 2 2 2 2 2 2 2 2 2 2 2 2 2 2 2 2 2 2 2 2 2 2 2 2 2 2 2 2 2 2 2 2 2 2 2 2 2 2 2 2 2 2 2 2 2 2 2 2 2 2 2 2 2 2 2 2 2 2 2 2 2 2 2 2 2 2 2 2 2 2 2 2 2 2 2 2 2 2 2 2 2 2 2 2 2 2 2 2 2 2 2 2 2 2 2 2 2 2 2 2 2 2 2 2 2 2 2 2 2 2 2 2 2 2 2 2 2 2 2 2 2 2 2 2 2 2 2 2 2 2 2 2 2 2 2 2 2 2 2 2 2 2 2 2 2 2 2 2 2 2 2 2 2 2 2 2 2 2 2 2 2 2 2 2 2 2 2 2 2 2 2 2 2 2 2 2 2 2 2 2 2 2 
4 4 4 4 4 4 4 4 4 4 4 4 4 4 4 4 4 4 4 4 4 4 4 4 4 4 4 4 4 4 4 4 4 4 4 4 4 4 4 4 4 4 4 4 4 4 4 4 4 4 4 4 4 4 4 4 4 4 4 4 4 4 4 4 4 4 4 4 4 4 4 4 4 4 4 4 4 4 4 4 4 4 4 4 4 4 4 4 4 4 4 4 4 4 4 4 4 4 4 4 4 4 4 4 4 4 4 4 4 4 4 4 4 4 4 4 4 4 4 4 4 4 4 4 4 4 4 4 4 4 4 4 4 4 4 4 4 4 4 4 4 4 4 4 4 4 4 4 4 4 4 4 4 4 4 4 4 4 4 4 4 4 4 4 4 4 4 4 4 4 4 4 4 4 4 4 4 4 4 4 4 4 4 4 4 4 4 4 4 4 4 4 

73 59   145 31   217 22   361 44   
74 32   146 4   218 17   362 58   
75 15   147 28   219 6   363 43   
76 9   148 18   220 46   364 31   
77 21   149 36   221 8   365 62   
78 26   150 39   222 17   366 54   
79 40   151 62   223 49   367 14   
80 46   152 11   224 37   368 59   
81 40   153 18   225 27   369 55   
82 27   154 49   226 1   370 36   
83 33   155 46   227 61   371 24   
84 28   156 43   228 15   372 6   
85 35   157 7   229 20   373 61   
86 41   158 54   230 6   374 32   
87 10   159 38   231 1   375 23   
88 33   160 11   232 20   376 48   
89 8   161 23   233 49   377 58   
90 12   162 21   234 49   378 34   
91 39   163 26   235 54   379 17   
92 14   164 55   236 29   380 1   
93 45   165 54   237 4   381 19   
94 14   166 51   238 23   382 36   
95 61   167 24   239 33   383 46   
96 17   168 45   240 30   384 8   
73 36   97 21   193 62   337 8   
74 49   98 34   194 21   338 12   
75 15   99 28   195 6   339 43   
76 37   100 50   196 28   340 2   
77 6   101 47   197 56   341 21   
78 54   102 0   198 28   342 13   
79 16   103 7   199 44   343 29   
80 47   104 6   200 21   344 56   
81 20   105 46   201 5   345 55   
82 23   106 58   202 49   346 8   
83 38   107 51   203 29   347 3   
84 5   108 20   204 46   348 55   
85 47   109 60   205 38   349 12   
86 50   110 22   206 13   350 35   
87 54   111 13   207 28   351 0   
88 33   112 5   208 18   352 59   
89 59   113 11   209 37   353 46   
90 55   114 5   210 20   354 46   
91 30   115 17   211 45   355 8   
92 28   116 13   212 54   356 0   
93 2   117 52   213 17   357 43   
94 32   118 23   214 60   358 45   
95 32   119 6   215 41   359 54   
96 5   120 59   216 18   360 33   
25 57   121 22   153 48   313 7   
26 26   122 61   154 11   314 52   
27 31   123 22   155 59   315 44   
28 62   124 21   156 8   316 36   
29 60   125 6   157 19   317 34   
30 55   126 46   158 20   318 5   
31 38   127 25   159 16   319 53   
32 23   128 36   160 14   320 51   
33 13   129 35   161 22   321 50   
34 26   130 35   162 0   322 48   
35 61   131 24   163 46   323 33   
36 26   132 4   164 41   324 13   
37 58   133 8   165 49   325 23   
38 47   134 32   166 10   326 19   
39 13   135 39   167 61   327 48   
40 44   136 9   168 57   328 35   
41 49   137 1   145 36   329 27   
42 12   138 27   146 53   330 62   
43 47   139 38   147 12   331 60   
44 46   140 37   148 59   332 11   
45 54   141 26   149 39   333 17   
46 41   142 4   150 13   334 26   
47 57   143 31   151 16   335 3   
48 37   144 52   152 15   336 24   
1 0   169 54   241 28   363 13   
2 49   170 36   242 1   364 27   
3 13   171 4   243 26   365 41   
4 26   172 13   244 41   366 4   
5 16   173 25   245 53   367 38   
6 11   174 52   246 26   368 61   
7 26   175 39   247 17   369 54   
8 21   176 49   248 34   370 12   
9 30   177 21   249 43   371 58   
10 28   178 2   250 50   372 37   
11 18   179 44   251 3   373 53   
12 9   180 50   252 24   374 59   
13 47   181 12   253 60   375 38   
14 28   182 0   254 54   376 13   
15 16   183 29   255 44   377 7   
16 26   184 17   256 54   378 39   
17 58   185 17   257 32   379 4   
18 45   186 23   258 60   380 32   
19 62   187 53   259 27   381 12   
20 11   188 46   260 37   382 59   
21 22   189 31   261 44   383 59   
22 11   190 20   262 33   384 48   
23 5   191 14   263 42   361 27   
24 14   192 51   264 23   362 36   
49 38   206 60   246 12   316 47   
50 19   207 45   247 4   317 54   
51 31   208 16   248 57   318 3   
52 50   209 13   249 22   319 35   
53 13   210 26   250 4   320 41   
54 46   211 59   251 11   321 37   
55 23   212 14   252 51   322 36   
56 29   213 1   253 55   323 14   
57 10   214 60   254 25   324 51   
58 61   215 7   255 20   325 35   
59 12   216 53   256 27   326 62   
60 6   193 47   257 21   327 56   
61 18   194 33   258 5   328 59   
62 32   195 41   259 54   329 6   
63 50   196 24   260 9   330 59   
64 3   197 44   261 53   331 18   
65 53   198 12   262 62   332 27   
66 44   199 53   263 3   333 18   
67 21   200 47   264 6   334 56   
68 29   201 16   241 7   335 44   
69 44   202 31   242 22   336 59   
70 50   203 37   243 2   313 28   
71 5   204 42   244 27   314 14   
72 32   205 10   245 47   315 19   
1 43   134 58   265 30   349 21   
2 56   135 43   266 8   350 34   
3 37   136 24   267 52   351 15   
4 5   137 46   268 20   352 55   
5 22   138 9   269 0   353 37   
6 55   139 5   270 20   354 46   
7 34   140 8   271 56   355 43   
8 25   141 3   272 40   356 12   
9 61   142 52   273 26   357 11   
10 38   143 60   274 12   358 47   
11 49   144 12   275 21   359 34   
12 1   121 38   276 23   360 10   
13 20   122 11   277 48   337 33   
14 18   123 55   278 40   338 27   
15 50   124 15   279 0   339 41   
16 29   125 7   280 16   340 44   
17 26   126 41   281 13   341 4   
18 7   127 33   282 42   342 55   
19 16   128 38   283 25   343 53   
20 29   129 55   284 1   344 14   
21 13   130 61   285 48   345 39   
22 29   131 42   286 57   346 20   
23 13   132 0   287 54   347 28   
24 55   133 18   288 40   348 27   
25 16   98 25   181 53   289 38   
26 17   99 52   182 43   290 2   
27 0   100 50   183 41   291 15   
28 56   101 15   184 2   292 30   
29 26   102 61   185 11   293 52   
30 53   103 16   186 25   294 38   
31 39   104 61   187 48   295 13   
32 52   105 15   188 24   296 37   
33 50   106 9   189 59   297 24   
34 29   107 1   190 14   298 55   
35 11   108 61   191 52   299 26   
36 49   109 58   192 23   300 8   
37 6   110 41   169 54   301 32   
38 20   111 42   170 29   302 57   
39 34   112 56   171 8   303 43   
40 38   113 16   172 25   304 53   
41 61   114 24   173 46   305 33   
42 31   115 22   174 59   306 44   
43 39   116 24   175 11   307 2   
44 57   117 48   176 7   308 22   
45 21   118 8   177 36   309 62   
46 38   119 60   178 47   310 12   
47 46   120 20   179 5   311 55   
48 18   97 46   180 31   312 9   
49 32   227 19   283 10   297 47   
50 30   228 21   284 43   298 58   
51 50   229 59   285 9   299 24   
52 5   230 55   286 20   300 46   
53 36   231 58   287 45   301 10   
54 54   232 26   288 39   302 17   
55 23   233 8   265 58   303 49   
56 7   234 55   266 42   304 33   
57 43   235 21   267 58   305 30   
58 9   236 44   268 35   306 57   
59 30   237 4   269 39   307 52   
60 18   238 40   270 55   308 27   
61 14   239 27   271 42   309 5   
62 60   240 10   272 25   310 51   
63 56   217 2   273 15   311 30   
64 13   218 26   274 4   312 41   
65 4   219 13   275 26   289 41   
66 43   220 6   276 15   290 28   
67 48   221 22   277 7   291 57   
68 35   222 0   278 26   292 48   
69 8   223 17   279 45   293 30   
70 62   224 36   280 21   294 8   
71 42   225 51   281 16   295 1   
72 4   226 39   282 30   296 52   