36 12 256 
2 2 2 2 2 2 2 2 2 2 2 2 2 2 2 2 2 2 2 2 2 2 2 2 2 2 2 2 2 2 2 2 2 2 2 2 
6 6 6 6 6 6 6 6 6 6 6 6 
1 0 7 105 13 113 19 180 25 188 31 196  
2 0 8 105 14 113 20 180 26 188 32 196  
3 105 9 113 15 0 21 180 27 188 33 196  
4 105 10 113 16 180 22 0 28 188 34 196  
5 105 11 113 17 180 23 188 29 0 35 196  
6 105 12 113 18 180 24 188 30 196 36 0  
1 105 8 0 15 113 22 180 29 188 36 196  
2 105 9 0 16 113 23 196 30 180 31 188  
3 0 10 180 17 105 24 113 25 196 32 188  
4 0 11 105 18 196 19 188 26 113 33 180  
5 0 12 105 13 196 20 188 27 113 34 180  
6 0 7 113 14 188 21 105 28 196 35 180 