480 320 64 
 2 2 2 2 2 2 2 2 2 2 2 2 2 2 2 2 2 2 2 2 2 2 2 2 2 2 2 2 2 2 2 2 2 2 2 2 2 2 2 2 2 2 2 2 2 2 2 2 2 2 2 2 2 2 2 2 2 2 2 2 2 2 2 2 2 2 2 2 2 2 2 2 2 2 2 2 2 2 2 2 2 2 2 2 2 2 2 2 2 2 2 2 2 2 2 2 2 2 2 2 2 2 2 2 2 2 2 2 2 2 2 2 2 2 2 2 2 2 2 2 2 2 2 2 2 2 2 2 2 2 2 2 2 2 2 2 2 2 2 2 2 2 2 2 2 2 2 2 2 2 2 2 2 2 2 2 2 2 2 2 2 2 2 2 2 2 2 2 2 2 2 2 2 2 2 2 2 2 2 2 2 2 2 2 2 2 2 2 2 2 2 2 2 2 2 2 2 2 2 2 2 2 2 2 2 2 2 2 2 2 2 2 2 2 2 2 2 2 2 2 2 2 2 2 2 2 2 2 2 2 2 2 2 2 2 2 2 2 2 2 2 2 2 2 2 2 2 2 2 2 2 2 2 2 2 2 2 2 2 2 2 2 2 2 2 2 2 2 2 2 2 2 2 2 2 2 2 2 2 2 2 2 2 2 2 2 2 2 2 2 2 2 2 2 2 2 2 2 2 2 2 2 2 2 2 2 2 2 2 2 2 2 2 2 2 2 2 2 2 2 2 2 2 2 2 2 2 2 2 2 2 2 2 2 2 2 2 2 2 2 2 2 2 2 2 2 2 2 2 2 2 2 2 2 2 2 2 2 2 2 2 2 2 2 2 2 2 2 2 2 2 2 2 2 2 2 2 2 2 2 2 2 2 2 2 2 2 2 2 2 2 2 2 2 2 2 2 2 2 2 2 2 2 2 2 2 2 2 2 2 2 2 2 2 2 2 2 2 2 2 2 2 2 2 2 2 2 2 2 2 2 2 2 2 2 2 2 2 2 2 2 2 2 2 2 2 2 2 2 2 2 2 2 2 2 2 2 2 2 2 2 2 2 2 2 2 2 2 2 2 2 2 2 2 2 2 2 2 2 2  
 3 3 3 3 3 3 3 3 3 3 3 3 3 3 3 3 3 3 3 3 3 3 3 3 3 3 3 3 3 3 3 3 3 3 3 3 3 3 3 3 3 3 3 3 3 3 3 3 3 3 3 3 3 3 3 3 3 3 3 3 3 3 3 3 3 3 3 3 3 3 3 3 3 3 3 3 3 3 3 3 3 3 3 3 3 3 3 3 3 3 3 3 3 3 3 3 3 3 3 3 3 3 3 3 3 3 3 3 3 3 3 3 3 3 3 3 3 3 3 3 3 3 3 3 3 3 3 3 3 3 3 3 3 3 3 3 3 3 3 3 3 3 3 3 3 3 3 3 3 3 3 3 3 3 3 3 3 3 3 3 3 3 3 3 3 3 3 3 3 3 3 3 3 3 3 3 3 3 3 3 3 3 3 3 3 3 3 3 3 3 3 3 3 3 3 3 3 3 3 3 3 3 3 3 3 3 3 3 3 3 3 3 3 3 3 3 3 3 3 3 3 3 3 3 3 3 3 3 3 3 3 3 3 3 3 3 3 3 3 3 3 3 3 3 3 3 3 3 3 3 3 3 3 3 3 3 3 3 3 3 3 3 3 3 3 3 3 3 3 3 3 3 3 3 3 3 3 3 3 3 3 3 3 3 3 3 3 3 3 3 3 3 3 3 3 3 3 3 3 3 3 3 3 3 3 3 3 3 3 3 3 3 3 3 3 3 3 3 3 3  
 1 0 41 21 81 37  
 2 0 42 21 82 37  
 3 0 43 21 83 37  
 4 0 44 21 84 37  
 5 0 45 21 85 37  
 6 0 46 21 86 37  
 7 0 47 21 87 37  
 8 0 48 21 88 37  
 9 0 49 21 89 37  
 10 0 50 21 90 37  
 11 0 51 21 91 37  
 12 0 52 21 92 37  
 13 0 53 21 93 37  
 14 0 54 21 94 37  
 15 0 55 21 95 37  
 16 0 56 21 96 37  
 17 0 57 21 97 37  
 18 0 58 21 98 37  
 19 0 59 21 99 37  
 20 0 60 21 100 37  
 21 0 61 21 101 37  
 22 0 62 21 102 37  
 23 0 63 21 103 37  
 24 0 64 21 104 37  
 25 0 65 21 105 37  
 26 0 66 21 106 37  
 27 0 67 21 107 37  
 28 0 68 21 108 37  
 29 0 69 21 109 37  
 30 0 70 21 110 37  
 31 0 71 21 111 37  
 32 0 72 21 112 37  
 33 0 73 21 113 37  
 34 0 74 21 114 37  
 35 0 75 21 115 37  
 36 0 76 21 116 37  
 37 0 77 21 117 37  
 38 0 78 21 118 37  
 39 0 79 21 119 37  
 40 0 80 21 120 37  
 9 21 121 37 161 0  
 18 21 122 37 162 0  
 27 21 123 37 163 0  
 36 21 124 37 164 0  
 5 21 125 37 165 0  
 14 21 126 37 166 0  
 23 21 127 37 167 0  
 32 21 128 37 168 0  
 1 21 129 37 169 0  
 10 21 130 37 170 0  
 19 21 131 37 171 0  
 28 21 132 37 172 0  
 37 21 133 37 173 0  
 6 21 134 37 174 0  
 15 21 135 37 175 0  
 24 21 136 37 176 0  
 33 21 137 37 177 0  
 2 21 138 37 178 0  
 11 21 139 37 179 0  
 20 21 140 37 180 0  
 29 21 141 37 181 0  
 38 21 142 37 182 0  
 7 21 143 37 183 0  
 16 21 144 37 184 0  
 25 21 145 37 185 0  
 34 21 146 37 186 0  
 3 21 147 37 187 0  
 12 21 148 37 188 0  
 21 21 149 37 189 0  
 30 21 150 37 190 0  
 39 21 151 37 191 0  
 8 21 152 37 192 0  
 17 21 153 37 193 0  
 26 21 154 37 194 0  
 35 21 155 37 195 0  
 4 21 156 37 196 0  
 13 21 157 37 197 0  
 22 21 158 37 198 0  
 31 21 159 37 199 0  
 40 21 160 37 200 0  
 133 0 201 37 241 21  
 160 0 202 37 242 21  
 147 0 203 37 243 21  
 134 0 204 37 244 21  
 121 0 205 37 245 21  
 148 0 206 37 246 21  
 135 0 207 37 247 21  
 122 0 208 37 248 21  
 149 0 209 37 249 21  
 136 0 210 37 250 21  
 123 0 211 37 251 21  
 150 0 212 37 252 21  
 137 0 213 37 253 21  
 124 0 214 37 254 21  
 151 0 215 37 255 21  
 138 0 216 37 256 21  
 125 0 217 37 257 21  
 152 0 218 37 258 21  
 139 0 219 37 259 21  
 126 0 220 37 260 21  
 153 0 221 37 261 21  
 140 0 222 37 262 21  
 127 0 223 37 263 21  
 154 0 224 37 264 21  
 141 0 225 37 265 21  
 128 0 226 37 266 21  
 155 0 227 37 267 21  
 142 0 228 37 268 21  
 129 0 229 37 269 21  
 156 0 230 37 270 21  
 143 0 231 37 271 21  
 130 0 232 37 272 21  
 157 0 233 37 273 21  
 144 0 234 37 274 21  
 131 0 235 37 275 21  
 158 0 236 37 276 21  
 145 0 237 37 277 21  
 132 0 238 37 278 21  
 159 0 239 37 279 21  
 146 0 240 37 280 21  
 73 37 281 0 321 21  
 60 37 282 0 322 21  
 47 37 283 0 323 21  
 74 37 284 0 324 21  
 61 37 285 0 325 21  
 48 37 286 0 326 21  
 75 37 287 0 327 21  
 62 37 288 0 328 21  
 49 37 289 0 329 21  
 76 37 290 0 330 21  
 63 37 291 0 331 21  
 50 37 292 0 332 21  
 77 37 293 0 333 21  
 64 37 294 0 334 21  
 51 37 295 0 335 21  
 78 37 296 0 336 21  
 65 37 297 0 337 21  
 52 37 298 0 338 21  
 79 37 299 0 339 21  
 66 37 300 0 340 21  
 53 37 301 0 341 21  
 80 37 302 0 342 21  
 67 37 303 0 343 21  
 54 37 304 0 344 21  
 41 37 305 0 345 21  
 68 37 306 0 346 21  
 55 37 307 0 347 21  
 42 37 308 0 348 21  
 69 37 309 0 349 21  
 56 37 310 0 350 21  
 43 37 311 0 351 21  
 70 37 312 0 352 21  
 57 37 313 0 353 21  
 44 37 314 0 354 21  
 71 37 315 0 355 21  
 58 37 316 0 356 21  
 45 37 317 0 357 21  
 72 37 318 0 358 21  
 59 37 319 0 359 21  
 46 37 320 0 360 21  
 182 21 307 37 361 0  
 173 21 294 37 362 0  
 164 21 281 37 363 0  
 195 21 308 37 364 0  
 186 21 295 37 365 0  
 177 21 282 37 366 0  
 168 21 309 37 367 0  
 199 21 296 37 368 0  
 190 21 283 37 369 0  
 181 21 310 37 370 0  
 172 21 297 37 371 0  
 163 21 284 37 372 0  
 194 21 311 37 373 0  
 185 21 298 37 374 0  
 176 21 285 37 375 0  
 167 21 312 37 376 0  
 198 21 299 37 377 0  
 189 21 286 37 378 0  
 180 21 313 37 379 0  
 171 21 300 37 380 0  
 162 21 287 37 381 0  
 193 21 314 37 382 0  
 184 21 301 37 383 0  
 175 21 288 37 384 0  
 166 21 315 37 385 0  
 197 21 302 37 386 0  
 188 21 289 37 387 0  
 179 21 316 37 388 0  
 170 21 303 37 389 0  
 161 21 290 37 390 0  
 192 21 317 37 391 0  
 183 21 304 37 392 0  
 174 21 291 37 393 0  
 165 21 318 37 394 0  
 196 21 305 37 395 0  
 187 21 292 37 396 0  
 178 21 319 37 397 0  
 169 21 306 37 398 0  
 200 21 293 37 399 0  
 191 21 320 37 400 0  
 324 0 401 21 441 37  
 337 0 402 21 442 37  
 350 0 403 21 443 37  
 323 0 404 21 444 37  
 336 0 405 21 445 37  
 349 0 406 21 446 37  
 322 0 407 21 447 37  
 335 0 408 21 448 37  
 348 0 409 21 449 37  
 321 0 410 21 450 37  
 334 0 411 21 451 37  
 347 0 412 21 452 37  
 360 0 413 21 453 37  
 333 0 414 21 454 37  
 346 0 415 21 455 37  
 359 0 416 21 456 37  
 332 0 417 21 457 37  
 345 0 418 21 458 37  
 358 0 419 21 459 37  
 331 0 420 21 460 37  
 344 0 421 21 461 37  
 357 0 422 21 462 37  
 330 0 423 21 463 37  
 343 0 424 21 464 37  
 356 0 425 21 465 37  
 329 0 426 21 466 37  
 342 0 427 21 467 37  
 355 0 428 21 468 37  
 328 0 429 21 469 37  
 341 0 430 21 470 37  
 354 0 431 21 471 37  
 327 0 432 21 472 37  
 340 0 433 21 473 37  
 353 0 434 21 474 37  
 326 0 435 21 475 37  
 339 0 436 21 476 37  
 352 0 437 21 477 37  
 325 0 438 21 478 37  
 338 0 439 21 479 37  
 351 0 440 21 480 37  
 203 0 385 21 422 37  
 236 0 396 21 423 37  
 229 0 367 21 424 37  
 222 0 378 21 425 37  
 215 0 389 21 426 37  
 208 0 400 21 427 37  
 201 0 371 21 428 37  
 234 0 382 21 429 37  
 227 0 393 21 430 37  
 220 0 364 21 431 37  
 213 0 375 21 432 37  
 206 0 386 21 433 37  
 239 0 397 21 434 37  
 232 0 368 21 435 37  
 225 0 379 21 436 37  
 218 0 390 21 437 37  
 211 0 361 21 438 37  
 204 0 372 21 439 37  
 237 0 383 21 440 37  
 230 0 394 21 401 37  
 223 0 365 21 402 37  
 216 0 376 21 403 37  
 209 0 387 21 404 37  
 202 0 398 21 405 37  
 235 0 369 21 406 37  
 228 0 380 21 407 37  
 221 0 391 21 408 37  
 214 0 362 21 409 37  
 207 0 373 21 410 37  
 240 0 384 21 411 37  
 233 0 395 21 412 37  
 226 0 366 21 413 37  
 219 0 377 21 414 37  
 212 0 388 21 415 37  
 205 0 399 21 416 37  
 238 0 370 21 417 37  
 231 0 381 21 418 37  
 224 0 392 21 419 37  
 217 0 363 21 420 37  
 210 0 374 21 421 37  
 108 0 264 37 478 21  
 91 0 273 37 461 21  
 114 0 242 37 444 21  
 97 0 251 37 467 21  
 120 0 260 37 450 21  
 103 0 269 37 473 21  
 86 0 278 37 456 21  
 109 0 247 37 479 21  
 92 0 256 37 462 21  
 115 0 265 37 445 21  
 98 0 274 37 468 21  
 81 0 243 37 451 21  
 104 0 252 37 474 21  
 87 0 261 37 457 21  
 110 0 270 37 480 21  
 93 0 279 37 463 21  
 116 0 248 37 446 21  
 99 0 257 37 469 21  
 82 0 266 37 452 21  
 105 0 275 37 475 21  
 88 0 244 37 458 21  
 111 0 253 37 441 21  
 94 0 262 37 464 21  
 117 0 271 37 447 21  
 100 0 280 37 470 21  
 83 0 249 37 453 21  
 106 0 258 37 476 21  
 89 0 267 37 459 21  
 112 0 276 37 442 21  
 95 0 245 37 465 21  
 118 0 254 37 448 21  
 101 0 263 37 471 21  
 84 0 272 37 454 21  
 107 0 241 37 477 21  
 90 0 250 37 460 21  
 113 0 259 37 443 21  
 96 0 268 37 466 21  
 119 0 277 37 449 21  
 102 0 246 37 472 21  
 85 0 255 37 455 21  