30 20 4096
 2 2 2 2 2 2 2 2 2 2 2 2 2 2 2 2 2 2 2 2 2 2 2 2 2 2 2 2 2 2 
 3 3 3 3 3 3 3 3 3 3 3 3 3 3 3 3 3 3 3 3 
 1 0 2 361 3 1026 
 1 0 4 361 5 1026 
 2 361 6 1026 7 0 
 3 1026 8 0 9 361 
 4 361 10 1026 11 0 
 5 1026 12 0 13 361 
 6 1026 14 0 15 361 
 7 0 16 361 17 1026 
 8 0 18 361 19 1026 
 9 361 20 1026 21 0 
 10 1026 14 2277 22 2054 
 11 0 18 365 23 3746 
 12 0 16 362 24 1026 
 13 361 20 1049 25 3060 
 15 361 19 1036 26 6 
 17 1026 21 53 27 1943 
 22 2054 27 4037 28 2720 
 23 3746 24 550 29 2116 
 25 3060 26 111 30 850 
 28 2720 29 3483 30 1366