45 30 256 
2 2 2 2 2 2 2 2 2 2 2 2 2 2 2 2 2 2 2 2 2 2 2 2 2 2 2 2 2 2 2 2 2 2 2 2 2 2 2 2 2 2 2 2 2 
3 3 3 3 3 3 3 3 3 3 3 3 3 3 3 3 3 3 3 3 3 3 3 3 3 3 3 3 3 3 
1 0 16 175 31 247  
2 0 17 175 32 247  
3 175 18 247 33 0  
4 175 19 247 34 0  
5 175 20 247 35 0  
6 0 21 175 36 247  
7 175 22 0 37 247  
8 175 23 0 38 247  
9 175 24 0 39 247  
10 175 25 0 40 247  
11 175 26 247 41 0  
12 0 27 175 42 247  
13 175 28 247 43 0  
14 175 29 247 44 0  
15 175 30 247 45 0  
1 175 21 0 41 247  
2 175 22 247 42 0  
3 0 23 175 43 247  
4 0 24 175 44 247  
5 0 25 175 45 247  
6 175 27 0 33 247  
7 0 28 175 34 247  
8 0 29 175 35 247  
9 247 30 0 31 175  
10 247 26 0 32 175  
11 247 18 0 37 175  
12 247 19 0 38 175  
13 247 20 0 39 175  
14 247 16 0 40 175  
15 0 17 247 36 175 