60 40 64 
2 2 2 2 2 2 2 2 2 2 2 2 2 2 2 2 2 2 2 2 2 2 2 2 2 2 2 2 2 2 2 2 2 2 2 2 2 2 2 2 2 2 2 2 2 2 2 2 2 2 2 2 2 2 2 2 2 2 2 2 
3 3 3 3 3 3 3 3 3 3 3 3 3 3 3 3 3 3 3 3 3 3 3 3 3 3 3 3 3 3 3 3 3 3 3 3 3 3 3 3 
1 0 21 15 41 41  
2 15 22 41 42 0  
3 15 23 41 43 0  
4 15 24 41 44 0  
5 15 25 41 45 0  
6 15 26 41 46 0  
7 15 27 41 47 0  
8 15 28 41 48 0  
9 15 29 41 49 0  
10 15 30 41 50 0  
11 15 41 0 51 41  
12 15 42 41 52 0  
13 15 43 41 53 0  
14 15 44 41 54 0  
15 15 45 41 55 0  
16 15 46 41 56 0  
17 15 47 41 57 0  
18 15 48 41 58 0  
19 41 49 15 59 0  
20 15 50 41 60 0  
1 15 31 0 52 41  
2 0 32 15 53 41  
3 0 33 15 54 41  
4 0 34 15 55 41  
5 0 35 15 56 41  
6 0 36 15 57 41  
7 0 37 15 58 41  
8 0 38 15 59 41  
9 0 39 15 60 41  
10 0 40 41 51 15  
11 0 23 15 36 41  
12 0 24 15 37 41  
13 0 25 15 38 41  
14 0 26 15 39 41  
15 41 27 15 40 0  
16 0 28 15 31 41  
17 41 29 15 32 0  
18 0 30 15 33 41  
19 15 21 0 34 41  
20 0 22 15 35 41 