60 40 64 
 2 2 2 2 2 2 2 2 2 2 2 2 2 2 2 2 2 2 2 2 2 2 2 2 2 2 2 2 2 2 2 2 2 2 2 2 2 2 2 2 2 2 2 2 2 2 2 2 2 2 2 2 2 2 2 2 2 2 2 2  
 3 3 3 3 3 3 3 3 3 3 3 3 3 3 3 3 3 3 3 3 3 3 3 3 3 3 3 3 3 3 3 3 3 3 3 3 3 3 3 3  
 1 0 2 15 3 41  
 1 0 4 22 5 37  
 2 15 6 0 7 41  
 3 41 8 0 9 15  
 4 22 10 37 11 0  
 5 37 12 0 13 22  
 6 0 14 26 15 48  
 7 41 16 15 17 0  
 8 0 18 48 19 26  
 9 15 20 0 21 41  
 10 37 22 0 23 22  
 11 0 24 48 25 26  
 12 0 26 15 27 41  
 13 22 28 37 29 0  
 14 26 30 0 31 48  
 15 48 32 26 33 0  
 16 15 34 0 35 41  
 17 0 36 15 37 41  
 18 48 38 0 39 26  
 19 26 40 48 41 0  
 20 0 42 37 43 22  
 21 41 44 0 45 15  
 22 0 30 16 46 41  
 23 22 38 54 47 38  
 24 48 34 1 48 26  
 25 26 42 20 49 39  
 26 15 32 46 50 62  
 27 41 40 22 51 59  
 28 37 36 5 52 21  
 29 0 44 23 53 38  
 31 48 43 17 54 32  
 33 0 39 28 55 47  
 35 41 45 11 56 58  
 37 41 41 29 57 4  
 46 41 51 0 56 28  
 47 38 53 59 58 12  
 48 26 50 24 59 2  
 49 39 52 33 55 10  
 54 32 57 56 60 15  
 58 12 59 27 60 58  
 