60 20 64 
2 2 2 2 2 2 2 2 2 2 2 2 2 2 2 2 2 2 2 2 2 2 2 2 2 2 2 2 2 2 2 2 2 2 2 2 2 2 2 2 2 2 2 2 2 2 2 2 2 2 2 2 2 2 2 2 2 2 2 2 
6 6 6 6 6 6 6 6 6 6 6 6 6 6 6 6 6 6 6 6 
1 0 11 6 21 13 31 20 41 46 51 55  
2 0 12 6 22 13 32 20 42 46 52 55  
3 6 13 13 23 0 33 20 43 46 53 55  
4 6 14 13 24 20 34 0 44 46 54 55  
5 6 15 13 25 20 35 46 45 0 55 55  
6 6 16 13 26 20 36 46 46 55 56 0  
7 6 17 13 27 20 37 46 47 55 57 0  
8 6 18 13 28 20 38 46 48 55 58 0  
9 6 19 13 29 20 39 46 49 55 59 0  
10 6 20 13 30 20 40 46 50 55 60 0  
1 6 12 0 23 13 34 20 45 46 56 55  
2 6 13 0 24 13 35 20 46 46 57 55  
3 0 14 6 25 13 36 20 47 46 58 55  
4 0 15 6 26 13 37 20 48 46 59 55  
5 0 16 6 27 13 38 20 49 46 60 55  
6 0 17 6 28 13 39 55 50 20 51 46  
7 0 18 6 29 13 40 20 41 55 52 46  
8 0 19 6 30 13 31 55 42 20 53 46  
9 0 20 6 21 20 32 13 43 55 54 46  
10 0 11 13 22 20 33 55 44 6 55 46  