72 48 64 
2 2 2 2 2 2 2 2 2 2 2 2 2 2 2 2 2 2 2 2 2 2 2 2 2 2 2 2 2 2 2 2 2 2 2 2 2 2 2 2 2 2 2 2 2 2 2 2 2 2 2 2 2 2 2 2 2 2 2 2 2 2 2 2 2 2 2 2 2 2 2 2 
3 3 3 3 3 3 3 3 3 3 3 3 3 3 3 3 3 3 3 3 3 3 3 3 3 3 3 3 3 3 3 3 3 3 3 3 3 3 3 3 3 3 3 3 3 3 3 3 
1 0 25 15 49 41  
2 0 26 15 50 41  
3 15 27 41 51 0  
4 15 28 41 52 0  
5 15 29 41 53 0  
6 15 30 41 54 0  
7 15 31 41 55 0  
8 15 32 41 56 0  
9 0 33 15 57 41  
10 15 34 0 58 41  
11 15 35 0 59 41  
12 15 36 0 60 41  
13 15 37 0 61 41  
14 15 38 0 62 41  
15 15 39 0 63 41  
16 15 40 0 64 41  
17 15 41 41 65 0  
18 0 42 15 66 41  
19 15 43 41 67 0  
20 15 44 41 68 0  
21 15 45 41 69 0  
22 15 46 41 70 0  
23 15 47 41 71 0  
24 15 48 41 72 0  
1 15 33 0 65 41  
2 15 34 41 66 0  
3 0 35 15 67 41  
4 0 36 15 68 41  
5 0 37 15 69 41  
6 0 38 15 70 41  
7 0 39 15 71 41  
8 0 40 15 72 41  
9 15 42 0 51 41  
10 0 43 15 52 41  
11 0 44 15 53 41  
12 0 45 15 54 41  
13 0 46 15 55 41  
14 0 47 15 56 41  
15 41 48 0 49 15  
16 41 41 0 50 15  
17 41 28 0 61 15  
18 41 29 0 62 15  
19 41 30 0 63 15  
20 41 31 0 64 15  
21 41 32 0 57 15  
22 0 25 41 58 15  
23 0 26 41 59 15  
24 41 27 0 60 15 