54 36 256 
2 2 2 2 2 2 2 2 2 2 2 2 2 2 2 2 2 2 2 2 2 2 2 2 2 2 2 2 2 2 2 2 2 2 2 2 2 2 2 2 2 2 2 2 2 2 2 2 2 2 2 2 2 2 
3 3 3 3 3 3 3 3 3 3 3 3 3 3 3 3 3 3 3 3 3 3 3 3 3 3 3 3 3 3 3 3 3 3 3 3 
1 0 19 175 37 247  
2 175 20 247 38 0  
3 175 21 247 39 0  
4 175 22 247 40 0  
5 175 23 247 41 0  
6 175 24 247 42 0  
7 175 25 247 43 0  
8 175 26 247 44 0  
9 175 27 247 45 0  
10 175 37 0 46 247  
11 175 38 247 47 0  
12 175 39 247 48 0  
13 175 40 247 49 0  
14 175 41 247 50 0  
15 175 42 247 51 0  
16 175 43 247 52 0  
17 175 44 247 53 0  
18 175 45 247 54 0  
1 175 28 0 47 247  
2 0 29 175 48 247  
3 0 30 175 49 247  
4 0 31 175 50 247  
5 0 32 175 51 247  
6 0 33 175 52 247  
7 0 34 247 53 175  
8 0 35 175 54 247  
9 0 36 247 46 175  
10 247 23 175 29 0  
11 247 24 175 30 0  
12 0 25 175 31 247  
13 0 26 175 32 247  
14 0 27 175 33 247  
15 0 19 247 34 175  
16 0 20 175 35 247  
17 247 21 0 36 175  
18 247 22 0 28 175