88 44 64 
 2 2 2 2 2 2 2 2 2 2 2 2 2 2 2 2 2 2 2 2 2 2 2 2 2 2 2 2 2 2 2 2 2 2 2 2 2 2 2 2 2 2 2 2 2 2 2 2 2 2 2 2 2 2 2 2 2 2 2 2 2 2 2 2 2 2 2 2 2 2 2 2 2 2 2 2 2 2 2 2 2 2 2 2 2 2 2 2  
 4 4 4 4 4 4 4 4 4 4 4 4 4 4 4 4 4 4 4 4 4 4 4 4 4 4 4 4 4 4 4 4 4 4 4 4 4 4 4 4 4 4 4 4  
 15 29 36 23 57 0 71 43  
 2 50 28 59 46 34 55 12  
 3 5 27 0 62 44 80 14  
 13 23 39 0 53 43 69 52  
 18 0 40 43 45 52 76 23  
 18 12 44 17 68 59 82 34  
 1 43 38 52 71 23 87 0  
 19 14 29 34 68 45 86 55  
 2 43 37 29 72 23 88 0  
 13 32 38 41 58 13 84 4  
 8 44 26 14 52 5 61 0  
 12 23 30 0 56 43 74 29  
 24 17 42 14 64 31 88 60  
 10 44 34 14 60 5 78 0  
 24 43 44 29 59 23 78 0  
 10 60 36 46 50 19 73 7  
 23 44 41 14 63 5 87 0  
 6 38 32 35 50 33 76 32  
 1 52 27 23 45 0 56 43  
 17 14 39 5 46 0 75 44  
 7 33 32 2 52 54 81 8  
 4 0 28 43 61 29 79 23  
 14 39 40 31 54 60 70 17  
 3 14 21 5 47 0 69 44  
 5 0 31 44 49 14 75 5  
 20 33 22 32 64 44 65 35  
 20 52 30 23 67 0 85 43  
 4 23 22 0 48 43 70 52  
 5 43 41 34 54 30 85 49  
 11 0 29 43 55 52 73 23  
 9 29 35 23 49 0 74 43  
 16 43 34 34 48 60 80 49  
 15 5 33 0 47 44 79 14  
 16 52 35 23 58 0 72 43  
 7 29 25 23 51 0 62 43  
 23 0 43 43 60 52 77 23  
 12 54 26 8 66 33 83 2  
 14 14 37 5 57 0 83 44  
 11 36 25 31 65 51 84 46  
 6 11 42 24 53 35 86 13  
 8 23 31 0 51 43 82 29  
 9 1 33 49 59 21 77 13  
 17 14 43 5 67 0 81 44  
 19 0 21 43 63 52 66 23  
 