96 48 64 
 2 2 2 2 2 2 2 2 2 2 2 2 2 2 2 2 2 2 2 2 2 2 2 2 2 2 2 2 2 2 2 2 2 2 2 2 2 2 2 2 2 2 2 2 2 2 2 2 2 2 2 2 2 2 2 2 2 2 2 2 2 2 2 2 2 2 2 2 2 2 2 2 2 2 2 2 2 2 2 2 2 2 2 2 2 2 2 2 2 2 2 2 2 2 2 2  
 4 4 4 4 4 4 4 4 4 4 4 4 4 4 4 4 4 4 4 4 4 4 4 4 4 4 4 4 4 4 4 4 4 4 4 4 4 4 4 4 4 4 4 4 4 4 4 4  
 20 1 47 45 50 15 77 6  
 23 18 42 15 69 32 95 61  
 9 24 41 1 61 44 88 53  
 6 44 39 53 71 24 90 1  
 24 45 38 15 59 6 84 1  
 7 32 31 61 55 18 77 40  
 2 30 26 24 50 1 80 44  
 9 24 37 1 52 44 85 53  
 12 1 34 45 60 15 82 6  
 17 33 32 45 66 36 74 34  
 22 44 43 35 76 31 93 50  
 5 24 40 1 72 44 89 30  
 6 1 30 44 54 53 72 24  
 21 3 45 55 55 9 76 34  
 16 30 27 24 67 1 82 44  
 17 39 35 36 65 34 93 33  
 16 6 44 1 57 45 92 15  
 15 1 28 45 68 15 81 6  
 13 15 46 46 70 45 80 44  
 4 15 39 6 57 1 87 45  
 21 44 44 53 75 24 94 1  
 5 6 29 1 53 45 71 15  
 8 26 32 27 56 37 78 5  
 14 24 45 1 69 44 79 30  
 18 45 31 15 65 6 73 1  
 10 35 42 31 62 50 87 44  
 20 32 25 42 68 47 96 37  
 22 44 46 53 56 24 75 1  
 19 24 48 1 49 44 78 53  
 18 22 36 14 66 2 94 50  
 19 45 26 15 67 6 95 1  
 1 53 30 24 63 1 86 44  
 14 57 33 25 64 9 92 41  
 2 6 29 1 64 45 85 15  
 10 24 38 1 51 44 86 30  
 4 1 28 44 52 53 74 24  
 23 30 37 24 60 1 83 44  
 7 45 48 15 61 6 90 1  
 3 6 27 1 51 45 73 15  
 1 44 25 53 49 24 79 1  
 15 9 43 41 58 57 91 58  
 8 24 47 1 62 44 89 30  
 24 1 41 44 70 30 96 24  
 3 7 40 38 58 23 88 54  
 12 35 36 13 53 51 84 60  
 13 6 34 1 63 45 91 15  
 11 33 35 42 54 14 83 5  
 11 1 33 44 59 30 81 24  
 