72 48 256 
2 2 2 2 2 2 2 2 2 2 2 2 2 2 2 2 2 2 2 2 2 2 2 2 2 2 2 2 2 2 2 2 2 2 2 2 2 2 2 2 2 2 2 2 2 2 2 2 2 2 2 2 2 2 2 2 2 2 2 2 2 2 2 2 2 2 2 2 2 2 2 2 
3 3 3 3 3 3 3 3 3 3 3 3 3 3 3 3 3 3 3 3 3 3 3 3 3 3 3 3 3 3 3 3 3 3 3 3 3 3 3 3 3 3 3 3 3 3 3 3 
1 0 25 175 49 247  
2 0 26 175 50 247  
3 175 27 247 51 0  
4 175 28 247 52 0  
5 175 29 247 53 0  
6 175 30 247 54 0  
7 175 31 247 55 0  
8 175 32 247 56 0  
9 0 33 175 57 247  
10 175 34 0 58 247  
11 175 35 0 59 247  
12 175 36 0 60 247  
13 175 37 0 61 247  
14 175 38 0 62 247  
15 175 39 0 63 247  
16 175 40 0 64 247  
17 175 41 247 65 0  
18 0 42 175 66 247  
19 175 43 247 67 0  
20 175 44 247 68 0  
21 175 45 247 69 0  
22 175 46 247 70 0  
23 175 47 247 71 0  
24 175 48 247 72 0  
1 175 33 0 65 247  
2 175 34 247 66 0  
3 0 35 175 67 247  
4 0 36 175 68 247  
5 0 37 175 69 247  
6 0 38 175 70 247  
7 0 39 175 71 247  
8 0 40 175 72 247  
9 175 42 0 51 247  
10 0 43 175 52 247  
11 0 44 175 53 247  
12 0 45 175 54 247  
13 0 46 175 55 247  
14 0 47 175 56 247  
15 247 48 0 49 175  
16 247 41 0 50 175  
17 247 28 0 61 175  
18 247 29 0 62 175  
19 247 30 0 63 175  
20 247 31 0 64 175  
21 247 32 0 57 175  
22 0 25 247 58 175  
23 0 26 247 59 175  
24 247 27 0 60 175  
