960 640 64 
 2 2 2 2 2 2 2 2 2 2 2 2 2 2 2 2 2 2 2 2 2 2 2 2 2 2 2 2 2 2 2 2 2 2 2 2 2 2 2 2 2 2 2 2 2 2 2 2 2 2 2 2 2 2 2 2 2 2 2 2 2 2 2 2 2 2 2 2 2 2 2 2 2 2 2 2 2 2 2 2 2 2 2 2 2 2 2 2 2 2 2 2 2 2 2 2 2 2 2 2 2 2 2 2 2 2 2 2 2 2 2 2 2 2 2 2 2 2 2 2 2 2 2 2 2 2 2 2 2 2 2 2 2 2 2 2 2 2 2 2 2 2 2 2 2 2 2 2 2 2 2 2 2 2 2 2 2 2 2 2 2 2 2 2 2 2 2 2 2 2 2 2 2 2 2 2 2 2 2 2 2 2 2 2 2 2 2 2 2 2 2 2 2 2 2 2 2 2 2 2 2 2 2 2 2 2 2 2 2 2 2 2 2 2 2 2 2 2 2 2 2 2 2 2 2 2 2 2 2 2 2 2 2 2 2 2 2 2 2 2 2 2 2 2 2 2 2 2 2 2 2 2 2 2 2 2 2 2 2 2 2 2 2 2 2 2 2 2 2 2 2 2 2 2 2 2 2 2 2 2 2 2 2 2 2 2 2 2 2 2 2 2 2 2 2 2 2 2 2 2 2 2 2 2 2 2 2 2 2 2 2 2 2 2 2 2 2 2 2 2 2 2 2 2 2 2 2 2 2 2 2 2 2 2 2 2 2 2 2 2 2 2 2 2 2 2 2 2 2 2 2 2 2 2 2 2 2 2 2 2 2 2 2 2 2 2 2 2 2 2 2 2 2 2 2 2 2 2 2 2 2 2 2 2 2 2 2 2 2 2 2 2 2 2 2 2 2 2 2 2 2 2 2 2 2 2 2 2 2 2 2 2 2 2 2 2 2 2 2 2 2 2 2 2 2 2 2 2 2 2 2 2 2 2 2 2 2 2 2 2 2 2 2 2 2 2 2 2 2 2 2 2 2 2 2 2 2 2 2 2 2 2 2 2 2 2 2 2 2 2 2 2 2 2 2 2 2 2 2 2 2 2 2 2 2 2 2 2 2 2 2 2 2 2 2 2 2 2 2 2 2 2 2 2 2 2 2 2 2 2 2 2 2 2 2 2 2 2 2 2 2 2 2 2 2 2 2 2 2 2 2 2 2 2 2 2 2 2 2 2 2 2 2 2 2 2 2 2 2 2 2 2 2 2 2 2 2 2 2 2 2 2 2 2 2 2 2 2 2 2 2 2 2 2 2 2 2 2 2 2 2 2 2 2 2 2 2 2 2 2 2 2 2 2 2 2 2 2 2 2 2 2 2 2 2 2 2 2 2 2 2 2 2 2 2 2 2 2 2 2 2 2 2 2 2 2 2 2 2 2 2 2 2 2 2 2 2 2 2 2 2 2 2 2 2 2 2 2 2 2 2 2 2 2 2 2 2 2 2 2 2 2 2 2 2 2 2 2 2 2 2 2 2 2 2 2 2 2 2 2 2 2 2 2 2 2 2 2 2 2 2 2 2 2 2 2 2 2 2 2 2 2 2 2 2 2 2 2 2 2 2 2 2 2 2 2 2 2 2 2 2 2 2 2 2 2 2 2 2 2 2 2 2 2 2 2 2 2 2 2 2 2 2 2 2 2 2 2 2 2 2 2 2 2 2 2 2 2 2 2 2 2 2 2 2 2 2 2 2 2 2 2 2 2 2 2 2 2 2 2 2 2 2 2 2 2 2 2 2 2 2 2 2 2 2 2 2 2 2 2 2 2 2 2 2 2 2 2 2 2 2 2 2 2 2 2 2 2 2 2 2 2 2 2 2 2 2 2 2 2 2 2 2 2 2 2 2 2 2 2 2 2 2 2 2 2 2 2 2 2 2 2 2 2 2 2 2 2 2 2 2 2 2 2 2 2 2 2 2 2 2 2 2 2 2 2 2 2 2 2 2 2 2 2 2 2 2 2 2 2 2 2 2 2 2 2 2 2 2 2 2 2 2 2 2 2 2 2 2 2 2 2 2 2 2 2 2 2 2 2 2 2 2 2 2 2 2 2 2 2 2 2 2 2 2 2 2 2 2 2 2 2 2 2 2 2 2 2 2 2 2 2 2 2 2 2 2 2 2 2  
 3 3 3 3 3 3 3 3 3 3 3 3 3 3 3 3 3 3 3 3 3 3 3 3 3 3 3 3 3 3 3 3 3 3 3 3 3 3 3 3 3 3 3 3 3 3 3 3 3 3 3 3 3 3 3 3 3 3 3 3 3 3 3 3 3 3 3 3 3 3 3 3 3 3 3 3 3 3 3 3 3 3 3 3 3 3 3 3 3 3 3 3 3 3 3 3 3 3 3 3 3 3 3 3 3 3 3 3 3 3 3 3 3 3 3 3 3 3 3 3 3 3 3 3 3 3 3 3 3 3 3 3 3 3 3 3 3 3 3 3 3 3 3 3 3 3 3 3 3 3 3 3 3 3 3 3 3 3 3 3 3 3 3 3 3 3 3 3 3 3 3 3 3 3 3 3 3 3 3 3 3 3 3 3 3 3 3 3 3 3 3 3 3 3 3 3 3 3 3 3 3 3 3 3 3 3 3 3 3 3 3 3 3 3 3 3 3 3 3 3 3 3 3 3 3 3 3 3 3 3 3 3 3 3 3 3 3 3 3 3 3 3 3 3 3 3 3 3 3 3 3 3 3 3 3 3 3 3 3 3 3 3 3 3 3 3 3 3 3 3 3 3 3 3 3 3 3 3 3 3 3 3 3 3 3 3 3 3 3 3 3 3 3 3 3 3 3 3 3 3 3 3 3 3 3 3 3 3 3 3 3 3 3 3 3 3 3 3 3 3 3 3 3 3 3 3 3 3 3 3 3 3 3 3 3 3 3 3 3 3 3 3 3 3 3 3 3 3 3 3 3 3 3 3 3 3 3 3 3 3 3 3 3 3 3 3 3 3 3 3 3 3 3 3 3 3 3 3 3 3 3 3 3 3 3 3 3 3 3 3 3 3 3 3 3 3 3 3 3 3 3 3 3 3 3 3 3 3 3 3 3 3 3 3 3 3 3 3 3 3 3 3 3 3 3 3 3 3 3 3 3 3 3 3 3 3 3 3 3 3 3 3 3 3 3 3 3 3 3 3 3 3 3 3 3 3 3 3 3 3 3 3 3 3 3 3 3 3 3 3 3 3 3 3 3 3 3 3 3 3 3 3 3 3 3 3 3 3 3 3 3 3 3 3 3 3 3 3 3 3 3 3 3 3 3 3 3 3 3 3 3 3 3 3 3 3 3 3 3 3 3 3 3 3 3 3 3 3 3 3 3 3 3 3 3 3 3 3 3 3 3 3 3 3 3 3 3 3 3 3 3 3 3 3 3 3 3 3 3 3 3 3 3 3 3 3 3 3 3 3 3 3 3 3 3 3 3 3 3 3 3 3 3 3 3 3 3 3 3 3 3 3 3 3 3 3 3 3 3 3 3 3 3 3 3 3 3 3 3 3 3 3 3 3 3 3 3 3 3 3 3 3 3 3 3 3 3 3 3 3 3 3 3 3 3 3 3 3 3 3  
 1 21 33 0 65 37  
 2 21 34 37 66 0  
 3 21 35 37 67 0  
 4 21 36 37 68 0  
 5 37 37 0 69 21  
 6 0 38 21 70 37  
 7 37 39 21 71 0  
 8 37 40 0 72 21  
 9 37 41 0 73 21  
 10 21 42 37 74 0  
 11 0 43 21 75 37  
 12 0 44 21 76 37  
 13 0 45 37 77 21  
 14 21 46 0 78 37  
 15 37 47 0 79 21  
 16 0 48 37 80 21  
 17 21 49 0 81 37  
 18 37 50 0 82 21  
 19 0 51 37 83 21  
 20 0 52 21 84 37  
 21 0 53 21 85 37  
 22 37 54 21 86 0  
 23 21 55 37 87 0  
 24 21 56 37 88 0  
 25 21 57 37 89 0  
 26 37 58 0 90 21  
 27 37 59 21 91 0  
 28 0 60 37 92 21  
 29 21 61 37 93 0  
 30 0 62 37 94 21  
 31 21 63 0 95 37  
 32 0 64 21 96 37  
 1 0 97 37 129 21  
 2 37 98 21 130 0  
 3 37 99 0 131 21  
 4 0 100 21 132 37  
 5 0 101 21 133 37  
 6 0 102 21 134 37  
 7 21 103 0 135 37  
 8 37 104 0 136 21  
 9 0 105 37 137 21  
 10 37 106 0 138 21  
 11 21 107 0 139 37  
 12 37 108 21 140 0  
 13 0 109 37 141 21  
 14 21 110 0 142 37  
 15 0 111 21 143 37  
 16 21 112 0 144 37  
 17 0 113 21 145 37  
 18 0 114 21 146 37  
 19 21 115 0 147 37  
 20 37 116 0 148 21  
 21 0 117 37 149 21  
 22 37 118 21 150 0  
 23 0 119 37 151 21  
 24 37 120 21 152 0  
 25 21 121 37 153 0  
 26 21 122 0 154 37  
 27 0 123 21 155 37  
 28 0 124 21 156 37  
 29 37 125 21 157 0  
 30 37 126 0 158 21  
 31 21 127 0 159 37  
 32 21 128 37 160 0  
 41 0 161 37 193 21  
 42 21 162 0 194 37  
 43 0 163 37 195 21  
 44 21 164 37 196 0  
 45 37 165 0 197 21  
 46 0 166 21 198 37  
 47 0 167 37 199 21  
 48 37 168 0 200 21  
 49 37 169 21 201 0  
 50 21 170 0 202 37  
 51 0 171 37 203 21  
 52 37 172 21 204 0  
 53 21 173 37 205 0  
 54 21 174 37 206 0  
 55 21 175 0 207 37  
 56 0 176 37 208 21  
 57 37 177 0 209 21  
 58 0 178 37 210 21  
 59 21 179 0 211 37  
 60 0 180 21 212 37  
 61 37 181 0 213 21  
 62 0 182 37 214 21  
 63 0 183 21 215 37  
 64 0 184 37 216 21  
 33 37 185 21 217 0  
 34 0 186 37 218 21  
 35 21 187 0 219 37  
 36 37 188 21 220 0  
 37 37 189 21 221 0  
 38 0 190 21 222 37  
 39 37 191 21 223 0  
 40 0 192 37 224 21  
 66 21 225 37 257 0  
 67 21 226 37 258 0  
 68 0 227 37 259 21  
 69 21 228 37 260 0  
 70 37 229 0 261 21  
 71 37 230 21 262 0  
 72 21 231 0 263 37  
 73 37 232 0 264 21  
 74 37 233 0 265 21  
 75 0 234 37 266 21  
 76 37 235 0 267 21  
 77 21 236 0 268 37  
 78 0 237 21 269 37  
 79 21 238 37 270 0  
 80 21 239 37 271 0  
 81 0 240 21 272 37  
 82 37 241 21 273 0  
 83 0 242 21 274 37  
 84 21 243 0 275 37  
 85 37 244 21 276 0  
 86 21 245 0 277 37  
 87 37 246 21 278 0  
 88 0 247 37 279 21  
 89 0 248 21 280 37  
 90 0 249 37 281 21  
 91 0 250 37 282 21  
 92 37 251 21 283 0  
 93 21 252 37 284 0  
 94 21 253 37 285 0  
 95 0 254 37 286 21  
 96 0 255 37 287 21  
 65 0 256 21 288 37  
 117 21 289 37 321 0  
 118 21 290 0 322 37  
 119 21 291 0 323 37  
 120 21 292 0 324 37  
 121 37 293 21 325 0  
 122 0 294 21 326 37  
 123 0 295 37 327 21  
 124 37 296 21 328 0  
 125 37 297 0 329 21  
 126 0 298 37 330 21  
 127 0 299 21 331 37  
 128 0 300 37 332 21  
 97 21 301 0 333 37  
 98 0 302 37 334 21  
 99 21 303 0 335 37  
 100 37 304 21 336 0  
 101 0 305 37 337 21  
 102 21 306 0 338 37  
 103 0 307 37 339 21  
 104 37 308 21 340 0  
 105 21 309 37 341 0  
 106 0 310 37 342 21  
 107 37 311 0 343 21  
 108 37 312 0 344 21  
 109 21 313 37 345 0  
 110 37 314 21 346 0  
 111 0 315 37 347 21  
 112 0 316 21 348 37  
 113 0 317 21 349 37  
 114 0 318 21 350 37  
 115 21 319 37 351 0  
 116 0 320 21 352 37  
 160 21 353 0 385 37  
 129 37 354 21 386 0  
 130 37 355 0 387 21  
 131 21 356 0 388 37  
 132 21 357 0 389 37  
 133 21 358 37 390 0  
 134 0 359 37 391 21  
 135 37 360 0 392 21  
 136 37 361 21 393 0  
 137 21 362 0 394 37  
 138 0 363 21 395 37  
 139 0 364 21 396 37  
 140 0 365 37 397 21  
 141 0 366 37 398 21  
 142 21 367 0 399 37  
 143 0 368 37 400 21  
 144 0 369 37 401 21  
 145 21 370 0 402 37  
 146 21 371 37 403 0  
 147 0 372 37 404 21  
 148 0 373 37 405 21  
 149 0 374 37 406 21  
 150 21 375 0 407 37  
 151 0 376 37 408 21  
 152 37 377 0 409 21  
 153 21 378 0 410 37  
 154 37 379 0 411 21  
 155 37 380 0 412 21  
 156 21 381 0 413 37  
 157 37 382 0 414 21  
 158 37 383 0 415 21  
 159 0 384 21 416 37  
 173 21 417 37 449 0  
 174 21 418 0 450 37  
 175 37 419 0 451 21  
 176 37 420 21 452 0  
 177 0 421 37 453 21  
 178 21 422 0 454 37  
 179 21 423 37 455 0  
 180 0 424 21 456 37  
 181 0 425 21 457 37  
 182 37 426 0 458 21  
 183 37 427 0 459 21  
 184 0 428 21 460 37  
 185 0 429 21 461 37  
 186 0 430 21 462 37  
 187 21 431 37 463 0  
 188 21 432 0 464 37  
 189 0 433 37 465 21  
 190 0 434 37 466 21  
 191 21 435 37 467 0  
 192 0 436 21 468 37  
 161 0 437 21 469 37  
 162 21 438 0 470 37  
 163 0 439 37 471 21  
 164 21 440 0 472 37  
 165 21 441 0 473 37  
 166 0 442 37 474 21  
 167 0 443 37 475 21  
 168 21 444 37 476 0  
 169 0 445 21 477 37  
 170 21 446 0 478 37  
 171 21 447 0 479 37  
 172 0 448 21 480 37  
 213 21 481 0 513 37  
 214 37 482 0 514 21  
 215 0 483 21 515 37  
 216 0 484 21 516 37  
 217 0 485 37 517 21  
 218 21 486 0 518 37  
 219 0 487 21 519 37  
 220 37 488 0 520 21  
 221 21 489 37 521 0  
 222 0 490 21 522 37  
 223 21 491 0 523 37  
 224 37 492 21 524 0  
 193 21 493 37 525 0  
 194 0 494 21 526 37  
 195 21 495 0 527 37  
 196 37 496 21 528 0  
 197 37 497 21 529 0  
 198 0 498 37 530 21  
 199 0 499 21 531 37  
 200 21 500 0 532 37  
 201 21 501 0 533 37  
 202 0 502 37 534 21  
 203 21 503 37 535 0  
 204 0 504 21 536 37  
 205 21 505 37 537 0  
 206 0 506 37 538 21  
 207 0 507 21 539 37  
 208 0 508 37 540 21  
 209 37 509 0 541 21  
 210 0 510 21 542 37  
 211 37 511 0 543 21  
 212 21 512 0 544 37  
 238 37 545 21 577 0  
 239 21 546 37 578 0  
 240 21 547 0 579 37  
 241 37 548 21 580 0  
 242 0 549 37 581 21  
 243 0 550 37 582 21  
 244 21 551 37 583 0  
 245 0 552 21 584 37  
 246 37 553 21 585 0  
 247 21 554 0 586 37  
 248 0 555 37 587 21  
 249 0 556 21 588 37  
 250 21 557 0 589 37  
 251 0 558 21 590 37  
 252 21 559 0 591 37  
 253 21 560 37 592 0  
 254 37 561 0 593 21  
 255 21 562 0 594 37  
 256 0 563 21 595 37  
 225 0 564 21 596 37  
 226 0 565 21 597 37  
 227 0 566 21 598 37  
 228 0 567 21 599 37  
 229 0 568 37 600 21  
 230 0 569 37 601 21  
 231 0 570 21 602 37  
 232 21 571 37 603 0  
 233 0 572 21 604 37  
 234 37 573 21 605 0  
 235 0 574 21 606 37  
 236 37 575 21 607 0  
 237 21 576 0 608 37  
 276 37 609 0 641 21  
 277 37 610 0 642 21  
 278 21 611 37 643 0  
 279 21 612 37 644 0  
 280 37 613 21 645 0  
 281 0 614 21 646 37  
 282 21 615 0 647 37  
 283 37 616 0 648 21  
 284 37 617 0 649 21  
 285 0 618 37 650 21  
 286 21 619 37 651 0  
 287 37 620 21 652 0  
 288 21 621 37 653 0  
 257 21 622 0 654 37  
 258 37 623 0 655 21  
 259 0 624 21 656 37  
 260 0 625 37 657 21  
 261 0 626 37 658 21  
 262 21 627 37 659 0  
 263 37 628 21 660 0  
 264 0 629 21 661 37  
 265 37 630 21 662 0  
 266 21 631 37 663 0  
 267 0 632 21 664 37  
 268 37 633 0 665 21  
 269 37 634 0 666 21  
 270 21 635 37 667 0  
 271 21 636 0 668 37  
 272 0 637 37 669 21  
 273 0 638 37 670 21  
 274 37 639 21 671 0  
 275 37 640 21 672 0  
 293 0 419 21 673 37  
 294 0 420 21 674 37  
 295 21 421 0 675 37  
 296 0 422 21 676 37  
 297 21 423 37 677 0  
 298 37 424 0 678 21  
 299 37 425 21 679 0  
 300 21 426 37 680 0  
 301 21 427 37 681 0  
 302 0 428 21 682 37  
 303 21 429 0 683 37  
 304 0 430 21 684 37  
 305 21 431 37 685 0  
 306 37 432 21 686 0  
 307 0 433 37 687 21  
 308 21 434 37 688 0  
 309 37 435 21 689 0  
 310 21 436 37 690 0  
 311 37 437 0 691 21  
 312 37 438 0 692 21  
 313 0 439 37 693 21  
 314 21 440 37 694 0  
 315 0 441 21 695 37  
 316 21 442 0 696 37  
 317 37 443 0 697 21  
 318 37 444 0 698 21  
 319 0 445 37 699 21  
 320 0 446 37 700 21  
 289 0 447 37 701 21  
 290 21 448 0 702 37  
 291 37 417 0 703 21  
 292 0 418 37 704 21  
 341 37 566 0 705 21  
 342 21 567 37 706 0  
 343 21 568 37 707 0  
 344 37 569 21 708 0  
 345 21 570 37 709 0  
 346 37 571 21 710 0  
 347 21 572 37 711 0  
 348 21 573 0 712 37  
 349 21 574 0 713 37  
 350 0 575 37 714 21  
 351 21 576 0 715 37  
 352 37 545 0 716 21  
 321 21 546 0 717 37  
 322 0 547 21 718 37  
 323 0 548 21 719 37  
 324 0 549 37 720 21  
 325 37 550 21 721 0  
 326 37 551 21 722 0  
 327 21 552 0 723 37  
 328 0 553 37 724 21  
 329 21 554 0 725 37  
 330 0 555 37 726 21  
 331 0 556 37 727 21  
 332 37 557 21 728 0  
 333 37 558 21 729 0  
 334 0 559 21 730 37  
 335 21 560 0 731 37  
 336 37 561 0 732 21  
 337 21 562 37 733 0  
 338 37 563 21 734 0  
 339 0 564 21 735 37  
 340 21 565 37 736 0  
 358 21 504 0 737 37  
 359 0 505 37 738 21  
 360 0 506 37 739 21  
 361 21 507 37 740 0  
 362 21 508 0 741 37  
 363 21 509 0 742 37  
 364 37 510 0 743 21  
 365 21 511 37 744 0  
 366 21 512 0 745 37  
 367 37 481 0 746 21  
 368 21 482 37 747 0  
 369 21 483 37 748 0  
 370 21 484 37 749 0  
 371 0 485 21 750 37  
 372 0 486 37 751 21  
 373 0 487 37 752 21  
 374 37 488 0 753 21  
 375 21 489 37 754 0  
 376 0 490 21 755 37  
 377 37 491 21 756 0  
 378 21 492 0 757 37  
 379 37 493 21 758 0  
 380 0 494 21 759 37  
 381 0 495 37 760 21  
 382 0 496 21 761 37  
 383 37 497 0 762 21  
 384 21 498 37 763 0  
 353 0 499 37 764 21  
 354 0 500 37 765 21  
 355 37 501 21 766 0  
 356 21 502 37 767 0  
 357 0 503 21 768 37  
 410 37 612 21 769 0  
 411 0 613 21 770 37  
 412 0 614 21 771 37  
 413 37 615 0 772 21  
 414 37 616 0 773 21  
 415 37 617 0 774 21  
 416 21 618 37 775 0  
 385 37 619 21 776 0  
 386 37 620 0 777 21  
 387 21 621 37 778 0  
 388 0 622 21 779 37  
 389 0 623 37 780 21  
 390 0 624 37 781 21  
 391 37 625 21 782 0  
 392 0 626 37 783 21  
 393 0 627 37 784 21  
 394 21 628 37 785 0  
 395 37 629 0 786 21  
 396 37 630 0 787 21  
 397 0 631 21 788 37  
 398 21 632 37 789 0  
 399 21 633 37 790 0  
 400 37 634 21 791 0  
 401 21 635 37 792 0  
 402 0 636 21 793 37  
 403 37 637 0 794 21  
 404 21 638 37 795 0  
 405 37 639 21 796 0  
 406 21 640 0 797 37  
 407 21 609 0 798 37  
 408 0 610 37 799 21  
 409 37 611 0 800 21  
 449 37 590 21 801 0  
 450 21 591 0 802 37  
 451 37 592 0 803 21  
 452 0 593 37 804 21  
 453 37 594 0 805 21  
 454 37 595 0 806 21  
 455 21 596 37 807 0  
 456 37 597 21 808 0  
 457 37 598 0 809 21  
 458 21 599 0 810 37  
 459 0 600 37 811 21  
 460 21 601 0 812 37  
 461 21 602 37 813 0  
 462 37 603 0 814 21  
 463 21 604 0 815 37  
 464 37 605 21 816 0  
 465 21 606 0 817 37  
 466 0 607 21 818 37  
 467 0 608 21 819 37  
 468 21 577 37 820 0  
 469 37 578 0 821 21  
 470 21 579 37 822 0  
 471 21 580 37 823 0  
 472 0 581 37 824 21  
 473 21 582 0 825 37  
 474 37 583 0 826 21  
 475 0 584 37 827 21  
 476 21 585 0 828 37  
 477 37 586 21 829 0  
 478 37 587 0 830 21  
 479 0 588 21 831 37  
 480 37 589 21 832 0  
 533 21 658 0 833 37  
 534 0 659 37 834 21  
 535 37 660 0 835 21  
 536 37 661 0 836 21  
 537 21 662 37 837 0  
 538 37 663 0 838 21  
 539 37 664 21 839 0  
 540 37 665 0 840 21  
 541 0 666 37 841 21  
 542 21 667 0 842 37  
 543 0 668 21 843 37  
 544 21 669 0 844 37  
 513 21 670 0 845 37  
 514 0 671 37 846 21  
 515 37 672 0 847 21  
 516 37 641 0 848 21  
 517 21 642 0 849 37  
 518 21 643 0 850 37  
 519 21 644 37 851 0  
 520 21 645 0 852 37  
 521 21 646 37 853 0  
 522 21 647 37 854 0  
 523 0 648 21 855 37  
 524 0 649 37 856 21  
 525 0 650 37 857 21  
 526 0 651 37 858 21  
 527 21 652 0 859 37  
 528 21 653 37 860 0  
 529 37 654 21 861 0  
 530 37 655 0 862 21  
 531 0 656 21 863 37  
 532 37 657 0 864 21  
 673 21 749 37 865 0  
 674 0 750 37 866 21  
 675 21 751 37 867 0  
 676 21 752 37 868 0  
 677 0 753 37 869 21  
 678 0 754 37 870 21  
 679 0 755 37 871 21  
 680 21 756 0 872 37  
 681 37 757 0 873 21  
 682 0 758 37 874 21  
 683 21 759 37 875 0  
 684 0 760 37 876 21  
 685 0 761 37 877 21  
 686 37 762 0 878 21  
 687 37 763 0 879 21  
 688 0 764 21 880 37  
 689 0 765 21 881 37  
 690 0 766 21 882 37  
 691 21 767 0 883 37  
 692 21 768 0 884 37  
 693 37 737 0 885 21  
 694 37 738 0 886 21  
 695 0 739 37 887 21  
 696 21 740 0 888 37  
 697 21 741 0 889 37  
 698 37 742 21 890 0  
 699 21 743 0 891 37  
 700 37 744 21 892 0  
 701 37 745 21 893 0  
 702 21 746 0 894 37  
 703 21 747 0 895 37  
 704 37 748 0 896 21  
 705 0 789 21 897 37  
 706 37 790 21 898 0  
 707 21 791 37 899 0  
 708 37 792 21 900 0  
 709 0 793 37 901 21  
 710 21 794 37 902 0  
 711 0 795 21 903 37  
 712 21 796 0 904 37  
 713 21 797 0 905 37  
 714 37 798 0 906 21  
 715 21 799 37 907 0  
 716 21 800 37 908 0  
 717 37 769 0 909 21  
 718 37 770 0 910 21  
 719 0 771 37 911 21  
 720 21 772 37 912 0  
 721 21 773 0 913 37  
 722 0 774 37 914 21  
 723 21 775 0 915 37  
 724 0 776 21 916 37  
 725 37 777 21 917 0  
 726 37 778 0 918 21  
 727 0 779 21 919 37  
 728 0 780 21 920 37  
 729 21 781 0 921 37  
 730 21 782 37 922 0  
 731 0 783 21 923 37  
 732 21 784 37 924 0  
 733 0 785 37 925 21  
 734 0 786 21 926 37  
 735 0 787 37 927 21  
 736 37 788 21 928 0  
 801 37 840 21 929 0  
 802 21 841 37 930 0  
 803 21 842 0 931 37  
 804 0 843 21 932 37  
 805 21 844 0 933 37  
 806 21 845 0 934 37  
 807 37 846 0 935 21  
 808 37 847 0 936 21  
 809 21 848 37 937 0  
 810 0 849 37 938 21  
 811 0 850 37 939 21  
 812 21 851 37 940 0  
 813 21 852 0 941 37  
 814 0 853 37 942 21  
 815 37 854 21 943 0  
 816 37 855 21 944 0  
 817 21 856 37 945 0  
 818 37 857 0 946 21  
 819 37 858 0 947 21  
 820 37 859 21 948 0  
 821 37 860 21 949 0  
 822 0 861 37 950 21  
 823 21 862 37 951 0  
 824 0 863 21 952 37  
 825 37 864 21 953 0  
 826 21 833 0 954 37  
 827 0 834 37 955 21  
 828 0 835 21 956 37  
 829 21 836 0 957 37  
 830 21 837 0 958 37  
 831 21 838 37 959 0  
 832 0 839 21 960 37  
 865 0 898 37 959 21  
 866 37 899 21 960 0  
 867 21 900 37 929 0  
 868 21 901 37 930 0  
 869 21 902 37 931 0  
 870 21 903 0 932 37  
 871 0 904 37 933 21  
 872 21 905 37 934 0  
 873 21 906 0 935 37  
 874 21 907 37 936 0  
 875 21 908 37 937 0  
 876 0 909 37 938 21  
 877 0 910 37 939 21  
 878 0 911 21 940 37  
 879 21 912 0 941 37  
 880 21 913 37 942 0  
 881 21 914 0 943 37  
 882 21 915 37 944 0  
 883 37 916 21 945 0  
 884 21 917 0 946 37  
 885 0 918 37 947 21  
 886 37 919 0 948 21  
 887 0 920 21 949 37  
 888 0 921 37 950 21  
 889 21 922 37 951 0  
 890 37 923 21 952 0  
 891 37 924 21 953 0  
 892 0 925 37 954 21  
 893 0 926 21 955 37  
 894 37 927 0 956 21  
 895 0 928 37 957 21  
 896 0 897 37 958 21  
