120 40 64 
2 2 2 2 2 2 2 2 2 2 2 2 2 2 2 2 2 2 2 2 2 2 2 2 2 2 2 2 2 2 2 2 2 2 2 2 2 2 2 2 2 2 2 2 2 2 2 2 2 2 2 2 2 2 2 2 2 2 2 2 2 2 2 2 2 2 2 2 2 2 2 2 2 2 2 2 2 2 2 2 2 2 2 2 2 2 2 2 2 2 2 2 2 2 2 2 2 2 2 2 2 2 2 2 2 2 2 2 2 2 2 2 2 2 2 2 2 2 2 2 
6 6 6 6 6 6 6 6 6 6 6 6 6 6 6 6 6 6 6 6 6 6 6 6 6 6 6 6 6 6 6 6 6 6 6 6 6 6 6 6 
1 0 21 6 41 13 61 20 81 46 101 55  
2 0 22 6 42 13 62 20 82 46 102 55  
3 6 23 13 43 0 63 20 83 46 103 55  
4 6 24 13 44 20 64 0 84 46 104 55  
5 6 25 13 45 20 65 46 85 0 105 55  
6 6 26 13 46 20 66 46 86 55 106 0  
7 6 27 13 47 20 67 46 87 55 107 0  
8 6 28 13 48 20 68 46 88 55 108 0  
9 6 29 13 49 20 69 46 89 55 109 0  
10 6 30 13 50 20 70 46 90 55 110 0  
11 6 31 13 51 20 71 46 91 55 111 0  
12 6 32 13 52 20 72 46 92 55 112 0  
13 6 33 13 53 20 73 46 93 55 113 0  
14 6 34 13 54 20 74 46 94 55 114 0  
15 6 35 13 55 20 75 46 95 55 115 0  
16 6 36 13 56 20 76 46 96 55 116 0  
17 6 37 13 57 20 77 46 97 55 117 0  
18 6 38 13 58 20 78 46 98 55 118 0  
19 6 39 13 59 20 79 46 99 55 119 0  
20 13 40 20 60 55 80 6 100 46 120 0  
1 6 22 0 43 13 64 20 85 46 106 55  
2 6 23 0 44 13 65 20 86 46 107 55  
3 0 24 55 45 6 66 13 87 20 108 46  
4 0 25 6 46 13 67 20 88 46 109 55  
5 0 26 46 47 55 68 6 89 13 110 20  
6 0 27 55 48 6 69 13 90 46 111 20  
7 46 28 0 49 55 70 20 91 6 112 13  
8 0 29 6 50 46 71 55 92 20 113 13  
9 46 30 0 51 55 72 20 93 6 114 13  
10 0 31 6 52 55 73 13 94 46 115 20  
11 0 32 20 53 46 74 55 95 6 116 13  
12 46 33 6 54 0 75 13 96 20 117 55  
13 13 34 0 55 6 76 55 97 20 118 46  
14 20 35 46 56 0 77 55 98 6 119 13  
15 20 36 0 57 6 78 13 99 46 120 55  
16 55 37 6 58 46 79 20 100 13 101 0  
17 13 38 46 59 55 80 0 81 6 102 20  
18 0 39 55 60 13 61 46 82 20 103 6  
19 20 40 46 41 0 62 55 83 13 104 6  
20 6 21 46 42 55 63 0 84 20 105 13  