90 60 256 
2 2 2 2 2 2 2 2 2 2 2 2 2 2 2 2 2 2 2 2 2 2 2 2 2 2 2 2 2 2 2 2 2 2 2 2 2 2 2 2 2 2 2 2 2 2 2 2 2 2 2 2 2 2 2 2 2 2 2 2 2 2 2 2 2 2 2 2 2 2 2 2 2 2 2 2 2 2 2 2 2 2 2 2 2 2 2 2 2 2 
3 3 3 3 3 3 3 3 3 3 3 3 3 3 3 3 3 3 3 3 3 3 3 3 3 3 3 3 3 3 3 3 3 3 3 3 3 3 3 3 3 3 3 3 3 3 3 3 3 3 3 3 3 3 3 3 3 3 3 3 
1 0 31 175 61 247  
2 0 32 175 62 247  
3 175 33 247 63 0  
4 175 34 247 64 0  
5 175 35 247 65 0  
6 175 36 247 66 0  
7 175 37 247 67 0  
8 175 38 247 68 0  
9 175 39 247 69 0  
10 175 40 247 70 0  
11 0 41 175 71 247  
12 175 42 0 72 247  
13 175 43 0 73 247  
14 175 44 0 74 247  
15 175 45 0 75 247  
16 175 46 0 76 247  
17 175 47 0 77 247  
18 175 48 0 78 247  
19 175 49 0 79 247  
20 175 50 0 80 247  
21 175 51 247 81 0  
22 0 52 175 82 247  
23 175 53 247 83 0  
24 175 54 247 84 0  
25 175 55 247 85 0  
26 175 56 247 86 0  
27 175 57 247 87 0  
28 175 58 247 88 0  
29 175 59 247 89 0  
30 175 60 247 90 0  
1 175 41 0 81 247  
2 175 42 247 82 0  
3 0 43 175 83 247  
4 0 44 175 84 247  
5 0 45 175 85 247  
6 0 46 175 86 247  
7 0 47 175 87 247  
8 0 48 175 88 247  
9 0 49 175 89 247  
10 0 50 175 90 247  
11 175 52 0 63 247  
12 0 53 175 64 247  
13 0 54 175 65 247  
14 0 55 175 66 247  
15 0 56 175 67 247  
16 0 57 175 68 247  
17 0 58 175 69 247  
18 0 59 175 70 247  
19 247 60 0 61 175  
20 247 51 0 62 175  
21 247 34 0 75 175  
22 247 35 0 76 175  
23 247 36 0 77 175  
24 247 37 0 78 175  
25 247 38 0 79 175  
26 247 39 0 80 175  
27 247 40 0 71 175  
28 0 31 247 72 175  
29 0 32 247 73 175  
30 247 33 0 7