120 80 64  
 2 2 2 2 2 2 2 2 2 2 2 2 2 2 2 2 2 2 2 2 2 2 2 2 2 2 2 2 2 2 2 2 2 2 2 2 2 2 2 2 2 2 2 2 2 2 2 2 2 2 2 2 2 2 2 2 2 2 2 2 2 2 2 2 2 2 2 2 2 2 2 2 2 2 2 2 2 2 2 2 2 2 2 2 2 2 2 2 2 2 2 2 2 2 2 2 2 2 2 2 2 2 2 2 2 2 2 2 2 2 2 2 2 2 2 2 2 2 2 2  
 3 3 3 3 3 3 3 3 3 3 3 3 3 3 3 3 3 3 3 3 3 3 3 3 3 3 3 3 3 3 3 3 3 3 3 3 3 3 3 3 3 3 3 3 3 3 3 3 3 3 3 3 3 3 3 3 3 3 3 3 3 3 3 3 3 3 3 3 3 3 3 3 3 3 3 3 3 3 3 3  
 1 0 6 21 11 37  
 2 0 7 21 12 37  
 3 0 8 21 13 37  
 4 0 9 21 14 37  
 5 0 10 21 15 37  
 16 0 21 37 26 21  
 17 0 22 37 27 21  
 18 0 23 37 28 21  
 19 0 24 37 29 21  
 20 0 25 37 30 21  
 31 37 36 0 41 21  
 32 37 37 0 42 21  
 33 37 38 0 43 21  
 34 37 39 0 44 21  
 35 37 40 0 45 21  
 46 0 51 37 56 21  
 47 0 52 37 57 21  
 48 0 53 37 58 21  
 49 0 54 37 59 21  
 50 0 55 37 60 21  
 1 0 33 37 61 21  
 2 0 34 37 62 21  
 3 0 35 37 63 21  
 4 0 31 37 64 21  
 5 0 32 37 65 21  
 49 0 65 21 66 37  
 50 0 61 21 67 37  
 46 0 62 21 68 37  
 47 0 63 21 69 37  
 48 0 64 21 70 37  
 17 0 71 0 76 0  
 18 0 72 0 77 0  
 19 0 73 0 78 0  
 20 0 74 0 79 0  
 16 0 75 0 80 0  
 36 0 71 35 81 21  
 37 0 72 35 82 21  
 38 0 73 35 83 21  
 39 0 74 35 84 21  
 40 0 75 35 85 21  
 6 21 52 37 86 0  
 7 21 53 37 87 0  
 8 21 54 37 88 0  
 9 21 55 37 89 0  
 10 21 51 37 90 0  
 43 21 91 0 96 37  
 44 21 92 0 97 37  
 45 21 93 0 98 37  
 41 21 94 0 99 37  
 42 21 95 0 100 37  
 76 0 101 21 106 37  
 77 0 102 21 107 37  
 78 0 103 21 108 37  
 79 0 104 21 109 37  
 80 0 105 21 110 37  
 21 37 94 1 102 26  
 22 37 95 1 103 26  
 23 37 91 1 104 26  
 24 37 92 1 105 26  
 25 37 93 1 101 26  
 12 37 106 46 111 0  
 13 37 107 46 112 0  
 14 37 108 46 113 0  
 15 37 109 46 114 0  
 11 37 110 46 115 0  
 87 0 100 2 115 47  
 88 0 96 2 111 47  
 89 0 97 2 112 47  
 90 0 98 2 113 47  
 86 0 99 2 114 47  
 26 21 66 37 116 0  
 27 21 67 37 117 0  
 28 21 68 37 118 0  
 29 21 69 37 119 0  
 30 21 70 37 120 0  
 56 21 81 12 119 60  
 57 21 82 12 120 60  
 58 21 83 12 116 60  
 59 21 84 12 117 60  
 60 21 85 12 118 60  
 