120 80 64 
 2 2 2 2 2 2 2 2 2 2 2 2 2 2 2 2 2 2 2 2 2 2 2 2 2 2 2 2 2 2 2 2 2 2 2 2 2 2 2 2 2 2 2 2 2 2 2 2 2 2 2 2 2 2 2 2 2 2 2 2 2 2 2 2 2 2 2 2 2 2 2 2 2 2 2 2 2 2 2 2 2 2 2 2 2 2 2 2 2 2 2 2 2 2 2 2 2 2 2 2 2 2 2 2 2 2 2 2 2 2 2 2 2 2 2 2 2 2 2 2  
 3 3 3 3 3 3 3 3 3 3 3 3 3 3 3 3 3 3 3 3 3 3 3 3 3 3 3 3 3 3 3 3 3 3 3 3 3 3 3 3 3 3 3 3 3 3 3 3 3 3 3 3 3 3 3 3 3 3 3 3 3 3 3 3 3 3 3 3 3 3 3 3 3 3 3 3 3 3 3 3  
 1 0 11 21 21 37  
 2 0 12 21 22 37  
 3 0 13 21 23 37  
 4 0 14 21 24 37  
 5 0 15 21 25 37  
 6 0 16 21 26 37  
 7 0 17 21 27 37  
 8 0 18 21 28 37  
 9 0 19 21 29 37  
 10 0 20 21 30 37  
 1 0 31 21 41 37  
 2 0 32 21 42 37  
 3 0 33 21 43 37  
 4 0 34 21 44 37  
 5 0 35 21 45 37  
 6 0 36 21 46 37  
 7 0 37 21 47 37  
 8 0 38 21 48 37  
 9 0 39 21 49 37  
 10 0 40 21 50 37  
 33 21 51 37 61 0  
 34 21 52 37 62 0  
 35 21 53 37 63 0  
 36 21 54 37 64 0  
 37 21 55 37 65 0  
 38 21 56 37 66 0  
 39 21 57 37 67 0  
 40 21 58 37 68 0  
 31 21 59 37 69 0  
 32 21 60 37 70 0  
 11 21 71 0 81 37  
 12 21 72 0 82 37  
 13 21 73 0 83 37  
 14 21 74 0 84 37  
 15 21 75 0 85 37  
 16 21 76 0 86 37  
 17 21 77 0 87 37  
 18 21 78 0 88 37  
 19 21 79 0 89 37  
 20 21 80 0 90 37  
 41 37 72 11 91 21  
 42 37 73 11 92 21  
 43 37 74 11 93 21  
 44 37 75 11 94 21  
 45 37 76 11 95 21  
 46 37 77 11 96 21  
 47 37 78 11 97 21  
 48 37 79 11 98 21  
 49 37 80 11 99 21  
 50 37 71 11 100 21  
 84 47 101 0 111 10  
 85 47 102 0 112 10  
 86 47 103 0 113 10  
 87 47 104 0 114 10  
 88 47 105 0 115 10  
 89 47 106 0 116 10  
 90 47 107 0 117 10  
 81 47 108 0 118 10  
 82 47 109 0 119 10  
 83 47 110 0 120 10  
 52 37 96 62 107 56  
 53 37 97 62 108 56  
 54 37 98 62 109 56  
 55 37 99 62 110 56  
 56 37 100 62 101 56  
 57 37 91 62 102 56  
 58 37 92 62 103 56  
 59 37 93 62 104 56  
 60 37 94 62 105 56  
 51 37 95 62 106 56  
 26 37 67 4 111 61  
 27 37 68 4 112 61  
 28 37 69 4 113 61  
 29 37 70 4 114 61  
 30 37 61 4 115 61  
 21 37 62 4 116 61  
 22 37 63 4 117 61  
 23 37 64 4 118 61  
 24 37 65 4 119 61  
 25 37 66 4 120 61  