144 24 64 
2 2 2 2 2 2 2 2 2 2 2 2 2 2 2 2 2 2 2 2 2 2 2 2 2 2 2 2 2 2 2 2 2 2 2 2 2 2 2 2 2 2 2 2 2 2 2 2 2 2 2 2 2 2 2 2 2 2 2 2 2 2 2 2 2 2 2 2 2 2 2 2 2 2 2 2 2 2 2 2 2 2 2 2 2 2 2 2 2 2 2 2 2 2 2 2 2 2 2 2 2 2 2 2 2 2 2 2 2 2 2 2 2 2 2 2 2 2 2 2 2 2 2 2 2 2 2 2 2 2 2 2 2 2 2 2 2 2 2 2 2 2 2 2 
12 12 12 12 12 12 12 12 12 12 12 12 12 12 12 12 12 12 12 12 12 12 12 12 
1 44 13 1 25 32 37 5 49 38 61 10 73 60 85 15 97 50 109 21 121 56 133 26  
2 44 14 1 26 32 38 5 50 38 62 10 74 60 86 15 98 50 110 21 122 56 134 26  
3 44 15 1 27 32 39 5 51 38 63 10 75 60 87 15 99 50 111 21 123 56 135 26  
4 44 16 1 28 32 40 5 52 38 64 10 76 60 88 15 100 50 112 21 124 56 136 26  
5 44 17 1 29 32 41 5 53 38 65 10 77 60 89 15 101 50 113 21 125 56 137 26  
6 44 18 1 30 32 42 5 54 38 66 10 78 60 90 15 102 50 114 21 126 56 138 26  
7 44 19 1 31 32 43 5 55 38 67 10 79 60 91 15 103 50 115 21 127 56 139 26  
8 44 20 1 32 32 44 5 56 38 68 10 80 60 92 15 104 50 116 21 128 56 140 26  
9 44 21 1 33 32 45 5 57 38 69 10 81 60 93 15 105 50 117 21 129 56 141 26  
10 44 22 1 34 32 46 5 58 38 70 10 82 60 94 15 106 50 118 21 130 56 142 26  
11 44 23 1 35 32 47 5 59 38 71 10 83 60 95 15 107 50 119 21 131 56 143 26  
12 44 24 1 36 32 48 5 60 38 72 10 84 60 96 15 108 50 120 21 132 56 144 26  
1 1 14 32 27 5 40 38 53 10 66 60 79 15 92 50 105 21 118 56 131 26 144 44  
2 1 15 32 28 5 41 38 54 10 67 60 80 15 93 50 106 21 119 56 132 26 133 44  
3 1 16 32 29 5 42 38 55 10 68 60 81 15 94 50 107 21 120 56 121 26 134 44  
4 1 17 32 30 5 43 38 56 10 69 60 82 15 95 50 108 21 109 56 122 26 135 44  
5 1 18 32 31 5 44 38 57 10 70 60 83 15 96 50 97 21 110 56 123 26 136 44  
6 1 19 32 32 5 45 38 58 10 71 60 84 15 85 50 98 21 111 56 124 26 137 44  
7 1 20 32 33 5 46 38 59 10 72 60 73 15 86 50 99 21 112 56 125 26 138 44  
8 1 21 32 34 5 47 38 60 10 61 60 74 15 87 50 100 21 113 56 126 26 139 44  
9 1 22 32 35 5 48 38 49 10 62 60 75 15 88 50 101 21 114 56 127 26 140 44  
10 1 23 32 36 5 37 38 50 10 63 60 76 15 89 50 102 21 115 56 128 26 141 44  
11 1 24 32 25 5 38 38 51 10 64 60 77 15 90 50 103 21 116 56 129 26 142 44  
12 1 13 32 26 5 39 38 52 10 65 60 78 15 91 50 104 21 117 56 130 26 143 44 