147 98 64 
2 2 2 2 2 2 2 2 2 2 2 2 2 2 2 2 2 2 2 2 2 2 2 2 2 2 2 2 2 2 2 2 2 2 2 2 2 2 2 2 2 2 2 2 2 2 2 2 2 2 2 2 2 2 2 2 2 2 2 2 2 2 2 2 2 2 2 2 2 2 2 2 2 2 2 2 2 2 2 2 2 2 2 2 2 2 2 2 2 2 2 2 2 2 2 2 2 2 2 2 2 2 2 2 2 2 2 2 2 2 2 2 2 2 2 2 2 2 2 2 2 2 2 2 2 2 2 2 2 2 2 2 2 2 2 2 2 2 2 2 2 2 2 2 2 2 2 
3 3 3 3 3 3 3 3 3 3 3 3 3 3 3 3 3 3 3 3 3 3 3 3 3 3 3 3 3 3 3 3 3 3 3 3 3 3 3 3 3 3 3 3 3 3 3 3 3 3 3 3 3 3 3 3 3 3 3 3 3 3 3 3 3 3 3 3 3 3 3 3 3 3 3 3 3 3 3 3 3 3 3 3 3 3 3 3 3 3 3 3 3 3 3 3 3 3 
1 0 50 15 99 41  
2 0 51 15 100 41  
3 0 52 15 101 41  
4 15 53 41 102 0  
5 15 54 41 103 0  
6 15 55 41 104 0  
7 15 56 41 105 0  
8 15 57 41 106 0  
9 15 58 41 107 0  
10 15 59 41 108 0  
11 15 60 41 109 0  
12 15 61 41 110 0  
13 0 62 41 111 15  
14 0 63 41 112 15  
15 15 64 41 113 0  
16 15 65 41 114 0  
17 15 66 41 115 0  
18 15 67 41 116 0  
19 15 68 41 117 0  
20 15 69 41 118 0  
21 15 70 41 119 0  
22 15 71 41 120 0  
23 15 72 41 121 0  
24 0 73 41 122 15  
25 0 74 41 123 15  
26 15 75 41 124 0  
27 15 76 41 125 0  
28 15 77 41 126 0  
29 15 78 41 127 0  
30 15 79 41 128 0  
31 15 80 41 129 0  
32 15 81 41 130 0  
33 15 82 41 131 0  
34 15 83 41 132 0  
35 0 84 41 133 15  
36 0 85 41 134 15  
37 15 86 41 135 0  
38 15 87 41 136 0  
39 15 88 41 137 0  
40 15 89 41 138 0  
41 15 90 41 139 0  
42 15 91 41 140 0  
43 15 92 41 141 0  
44 15 93 41 142 0  
45 15 94 41 143 0  
46 0 95 41 144 15  
47 0 96 41 145 15  
48 15 97 41 146 0  
49 15 98 41 147 0  
1 15 51 0 102 41  
2 15 52 0 103 41  
3 15 53 0 104 41  
4 0 54 15 105 41  
5 0 55 15 106 41  
6 0 56 15 107 41  
7 41 57 0 108 15  
8 41 58 0 109 15  
9 41 59 0 110 15  
10 41 60 15 111 0  
11 41 61 15 112 0  
12 0 62 15 113 41  
13 15 63 0 114 41  
14 15 64 0 115 41  
15 0 65 15 116 41  
16 0 66 15 117 41  
17 0 67 15 118 41  
18 41 68 0 119 15  
19 41 69 0 120 15  
20 41 70 0 121 15  
21 41 71 15 122 0  
22 41 72 15 123 0  
23 0 73 15 124 41  
24 15 74 0 125 41  
25 15 75 0 126 41  
26 0 76 15 127 41  
27 0 77 15 128 41  
28 0 78 15 129 41  
29 41 79 0 130 15  
30 41 80 0 131 15  
31 41 81 0 132 15  
32 41 82 15 133 0  
33 41 83 15 134 0  
34 0 84 15 135 41  
35 15 85 0 136 41  
36 15 86 0 137 41  
37 0 87 15 138 41  
38 0 88 15 139 41  
39 0 89 15 140 41  
40 41 90 0 141 15  
41 41 91 0 142 15  
42 41 92 0 143 15  
43 41 93 15 144 0  
44 41 94 15 145 0  
45 0 95 15 146 41  
46 15 96 0 147 41  
47 41 97 0 99 15  
48 41 98 0 100 15  
49 41 50 0 101 15  