162 81 64 
 2 2 2 2 2 2 2 2 2 2 2 2 2 2 2 2 2 2 2 2 2 2 2 2 2 2 2 2 2 2 2 2 2 2 2 2 2 2 2 2 2 2 2 2 2 2 2 2 2 2 2 2 2 2 2 2 2 2 2 2 2 2 2 2 2 2 2 2 2 2 2 2 2 2 2 2 2 2 2 2 2 2 2 2 2 2 2 2 2 2 2 2 2 2 2 2 2 2 2 2 2 2 2 2 2 2 2 2 2 2 2 2 2 2 2 2 2 2 2 2 2 2 2 2 2 2 2 2 2 2 2 2 2 2 2 2 2 2 2 2 2 2 2 2 2 2 2 2 2 2 2 2 2 2 2 2 2 2 2 2 2 2  
 4 4 4 4 4 4 4 4 4 4 4 4 4 4 4 4 4 4 4 4 4 4 4 4 4 4 4 4 4 4 4 4 4 4 4 4 4 4 4 4 4 4 4 4 4 4 4 4 4 4 4 4 4 4 4 4 4 4 4 4 4 4 4 4 4 4 4 4 4 4 4 4 4 4 4 4 4 4 4 4 4  
 20 45 68 44 110 43 131 14  
 27 57 72 55 105 59 133 61  
 14 53 43 6 102 37 147 22  
 24 25 62 21 114 13 127 1  
 23 34 61 0 113 30 129 43  
 4 15 46 62 85 19 127 8  
 21 41 78 46 89 36 159 31  
 1 62 43 12 82 53 124 9  
 23 0 76 20 108 24 144 6  
 18 40 60 47 96 1 141 26  
 22 45 78 24 107 21 143 47  
 11 59 53 23 92 3 134 49  
 34 24 74 10 114 6 157 0  
 9 12 47 26 106 55 147 7  
 17 59 64 47 115 1 125 26  
 37 52 57 34 122 15 162 12  
 37 19 79 15 111 62 149 8  
 26 42 59 46 118 17 137 19  
 39 8 56 40 121 56 161 57  
 29 36 70 52 87 60 160 28  
 41 18 68 23 119 41 153 13  
 28 14 72 23 86 49 162 36  
 31 36 40 52 94 60 155 28  
 19 50 67 58 109 62 130 46  
 9 62 51 25 90 40 132 11  
 1 43 50 50 116 34 152 12  
 39 26 81 55 110 7 148 42  
 38 37 55 11 123 24 160 50  
 33 1 80 45 98 55 121 34  
 25 42 70 57 103 18 134 48  
 8 48 46 20 108 6 146 34  
 17 12 59 28 95 52 140 60  
 26 31 71 48 104 57 135 18  
 29 31 74 48 102 57 155 18  
 31 52 81 39 99 60 122 17  
 14 49 56 53 91 59 137 61  
 30 22 75 24 100 29 156 15  
 20 26 77 36 88 4 158 25  
 40 41 67 13 118 23 152 32  
 8 4 50 30 89 50 131 29  
 24 5 77 44 106 55 142 18  
 38 0 80 44 109 14 150 5  
 32 23 79 49 97 36 123 14  
 5 45 47 57 86 17 128 5  
 28 8 73 2 101 42 154 28  
 35 16 75 31 112 57 158 36  
 7 29 48 0 107 43 145 6  
 10 0 61 43 97 29 142 23  
 4 42 66 33 105 47 150 56  
 36 46 73 19 113 32 159 25  
 2 27 51 3 117 51 153 43  
 35 39 52 20 84 43 139 16  
 21 51 69 16 111 23 132 60  
 33 42 42 33 96 47 154 56  
 5 41 64 13 103 23 148 32  
 42 7 69 42 120 26 151 55  
 32 57 41 18 95 31 156 48  
 6 17 65 5 104 60 149 20  
 16 28 66 6 117 9 124 15  
 12 42 63 21 99 40 144 19  
 18 8 65 2 116 62 126 42  
 13 32 55 44 93 35 136 33  
 27 7 60 42 119 26 138 55  
 3 14 45 31 84 17 126 60  
 22 35 63 18 112 2 128 56  
 30 55 71 7 85 45 161 12  
 13 37 45 22 101 54 146 21  
 34 26 54 4 83 1 141 61  
 2 4 44 25 83 26 125 36  
 6 38 48 8 87 29 129 47  
 16 61 58 53 94 55 139 59  
 25 45 58 43 120 13 136 14  
 15 23 44 22 100 44 145 10  
 3 28 49 40 115 9 151 15  
 15 28 57 6 92 9 138 15  
 7 38 49 55 88 29 130 47  
 36 17 53 39 82 31 140 60  
 11 8 62 2 98 62 143 42  
 19 14 76 0 90 41 157 44  
 12 10 54 59 93 5 135 48  
 10 21 52 14 91 11 133 32  
 